Day	Month	Year	Tmin(C)	Tmax(C)	Prcp(mm)	Et0(mm)
1	1	2019	22.1	32.5	34.0	4.314988
2	1	2019	23.9	34.2	0.4	4.65565
3	1	2019	23.0	34.3	0.0	4.976641
4	1	2019	22.7	35.6	0.0	5.460804
5	1	2019	23.6	35.7	0.0	5.421602
6	1	2019	23.9	30.4	0.2	3.903899
7	1	2019	23.7	31.8	0.0	4.171216
8	1	2019	21.4	28.6	3.4	3.601891
9	1	2019	22.8	36.0	0.0	5.392499
10	1	2019	21.8	29.0	27.6	3.591001
11	1	2019	22.2	31.2	3.8	4.075632
12	1	2019	20.5	32.9	8.6	4.722142
13	1	2019	22.8	33.4	20.4	4.74645
14	1	2019	23.1	31.5	0.2	4.055324
15	1	2019	20.8	28.5	70.2	3.539691
16	1	2019	22.1	30.6	0.0	3.925706
17	1	2019	22.3	33.3	0.0	4.673973
18	1	2019	22.4	34.0	0.0	4.83819
19	1	2019	23.3	33.4	3.4	4.600009
20	1	2019	23.5	33.7	0.2	4.743401
21	1	2019	24.0	33.4	3.6	4.44619
22	1	2019	23.7	32.4	19.0	4.100583
23	1	2019	24.2	33.4	0.0	4.427939
24	1	2019	23.1	33.4	0.0	4.788574
25	1	2019	22.4	33.2	1.2	4.785041
26	1	2019	23.0	28.2	16.8	3.162339
27	1	2019	22.9	33.6	0.4	4.573017
28	1	2019	23.3	33.6	3.6	4.654987
29	1	2019	23.5	31.0	0.2	3.905998
30	1	2019	23.5	34.4	0.0	4.800054
31	1	2019	23.2	34.5	0.0	4.993385
1	2	2019	23.4	32.2	0.2	4.399771
2	2	2019	20.2	29.6	13.0	4.040237
3	2	2019	21.8	33.1	11.8	4.656079
4	2	2019	22.4	34.6	0.2	5.086013
5	2	2019	23.4	32.0	1.8	4.28258
6	2	2019	23.2	32.3	13.4	4.292711
7	2	2019	23.8	32.7	3.4	4.332803
8	2	2019	24.1	33.5	1.2	4.579055
9	2	2019	23.7	32.9	5.6	4.451923
10	2	2019	23.2	33.4	1.0	4.57467
11	2	2019	24.4	35.0	0.0	5.036306
12	2	2019	24.2	31.8	12.2	4.182129
13	2	2019	21.9	32.3	6.8	4.516522
14	2	2019	23.5	32.8	6.8	4.411677
15	2	2019	23.2	33.5	0.0	4.653365
16	2	2019	22.9	32.2	16.4	4.369996
17	2	2019	23.1	31.9	11.6	4.076353
18	2	2019	21.8	31.6	0.6	4.178007
19	2	2019	22.3	31.3	20.4	4.061174
20	2	2019	23.2	33.5	0.4	4.666589
21	2	2019	24.0	34.3	1.4	4.750747
22	2	2019	22.4	32.8	16.4	4.409974
23	2	2019	22.9	33.7	0.0	4.80323
24	2	2019	22.4	33.6	6.6	4.75364
25	2	2019	23.3	32.5	2.2	4.405258
26	2	2019	22.3	34.2	26.2	4.787728
27	2	2019	22.5	31.4	1.8	4.063112
28	2	2019	22.5	32.0	25.4	4.153481
1	3	2019	23.5	31.5	5.4	4.015744
2	3	2019	22.7	33.4	1.2	4.606522
3	3	2019	22.7	30.9	1.0	4.010004
4	3	2019	22.6	32.4	11.0	4.29761
5	3	2019	22.5	32.2	40.8	4.236222
6	3	2019	21.8	31.9	29.0	4.205689
7	3	2019	21.6	31.5	27.4	4.116414
8	3	2019	23.0	27.5	0.2	2.959286
9	3	2019	22.5	33.5	4.6	4.532653
10	3	2019	22.4	34.4	0.0	4.929683
11	3	2019	22.2	33.9	0.0	4.846843
12	3	2019	23.1	31.8	6.2	4.079073
13	3	2019	23.2	30.9	6.8	3.691879
14	3	2019	23.4	32.0	0.2	4.046026
15	3	2019	23.5	32.8	0.0	4.432389
16	3	2019	21.8	33.6	0.0	4.915075
17	3	2019	23.0	34.3	26.4	4.82506
18	3	2019	23.2	33.7	0.0	4.531073
19	3	2019	23.2	32.2	0.2	4.259029
20	3	2019	22.6	32.9	1.8	4.43865
21	3	2019	23.4	34.2	0.0	4.760433
22	3	2019	23.6	31.5	33.4	3.827564
23	3	2019	22.5	28.7	20.0	3.240774
24	3	2019	23.5	30.8	12.0	3.639036
25	3	2019	24.3	32.0	0.2	3.967252
26	3	2019	22.9	29.9	50.8	3.521617
27	3	2019	23.3	33.5	5.6	4.47454
28	3	2019	24.3	33.6	1.4	4.371396
29	3	2019	23.6	33.3	1.8	4.338874
30	3	2019	23.3	32.3	5.8	4.048982
31	3	2019	23.9	31.4	17.0	3.721227
1	4	2019	22.5	28.9	79.0	3.277346
2	4	2019	22.8	33.7	0.0	4.585647
3	4	2019	23.6	34.5	0.6	4.610455
4	4	2019	23.4	32.8	47.6	4.201969
5	4	2019	22.5	28.8	61.2	3.248225
6	4	2019	23.7	33.5	0.0	4.361494
7	4	2019	23.5	31.7	2.6	3.888374
8	4	2019	23.9	34.7	0.0	4.604824
9	4	2019	24.1	31.5	11.0	3.802027
10	4	2019	23.5	31.5	23.6	3.656563
11	4	2019	23.6	32.3	1.0	3.817636
12	4	2019	24.3	33.6	0.2	4.216966
13	4	2019	24.0	32.7	1.6	3.969967
14	4	2019	21.9	31.5	33.2	3.825628
15	4	2019	21.7	32.7	15.6	4.092225
16	4	2019	23.0	33.1	0.0	4.208547
17	4	2019	23.3	32.9	12.4	4.150538
18	4	2019	23.4	33.3	3.6	4.14208
19	4	2019	23.7	33.1	4.0	4.068691
20	4	2019	23.3	33.3	0.0	4.192582
21	4	2019	22.8	33.0	0.0	4.270365
22	4	2019	23.6	33.3	18.6	4.200615
23	4	2019	23.6	32.4	2.0	3.877208
24	4	2019	23.5	33.2	0.0	4.155017
25	4	2019	24.8	33.9	0.0	4.256469
26	4	2019	23.8	34.6	0.0	4.678254
27	4	2019	24.2	34.2	0.0	4.47461
28	4	2019	24.0	34.5	0.0	4.516251
29	4	2019	22.5	34.1	22.6	4.415955
30	4	2019	24.1	32.5	6.0	3.789838
1	5	2019	22.5	31.3	32.0	3.472446
2	5	2019	23.3	33.0	0.0	3.960592
3	5	2019	23.0	33.3	0.0	4.199482
4	5	2019	21.9	34.5	0.0	4.622153
5	5	2019	21.5	34.4	0.0	4.750247
6	5	2019	21.4	34.7	0.0	4.819564
7	5	2019	22.4	35.3	0.0	4.843484
8	5	2019	21.9	34.8	0.0	4.790058
9	5	2019	23.4	34.9	0.6	4.4863
10	5	2019	23.0	32.2	0.0	3.832248
11	5	2019	22.0	35.5	0.0	4.773094
12	5	2019	22.8	35.0	0.0	4.634126
13	5	2019	24.1	34.5	0.2	4.284967
14	5	2019	23.0	34.8	0.8	4.455382
15	5	2019	23.5	34.2	0.0	4.356179
16	5	2019	23.0	29.5	12.8	3.147555
17	5	2019	22.8	31.9	20.0	3.545496
18	5	2019	23.6	31.9	0.8	3.54749
19	5	2019	23.8	33.0	1.6	3.723676
20	5	2019	22.9	33.1	0.0	3.861038
21	5	2019	23.8	33.9	0.0	4.147038
22	5	2019	23.1	34.3	0.0	4.198342
23	5	2019	23.2	34.2	0.0	4.229617
24	5	2019	22.4	33.8	0.0	4.192259
25	5	2019	22.0	34.2	0.0	4.400612
26	5	2019	22.3	34.7	0.0	4.445911
27	5	2019	23.2	33.7	0.0	4.190232
28	5	2019	21.7	34.1	0.0	4.39979
29	5	2019	22.6	35.1	0.0	4.612625
30	5	2019	22.7	34.0	0.0	4.281494
31	5	2019	22.5	33.4	0.2	4.054694
1	6	2019	22.2	34.0	0.0	4.124291
2	6	2019	22.7	35.2	0.0	4.312194
3	6	2019	21.9	33.1	3.8	3.975255
4	6	2019	21.5	34.4	0.0	4.279699
5	6	2019	21.1	35.2	0.0	4.7057
6	6	2019	21.6	33.3	0.0	4.272798
7	6	2019	21.8	33.7	0.0	4.449699
8	6	2019	21.3	34.6	0.0	4.616464
9	6	2019	21.5	33.7	0.0	4.379304
10	6	2019	21.5	34.0	0.0	4.46968
11	6	2019	21.1	33.5	0.0	4.413187
12	6	2019	21.5	34.2	0.0	4.5348
13	6	2019	21.2	33.0	0.0	4.170988
14	6	2019	21.0	33.5	0.0	4.2863
15	6	2019	22.2	34.2	0.0	4.582942
16	6	2019	21.3	34.5	0.0	4.670098
17	6	2019	20.6	34.4	0.0	4.640204
18	6	2019	22.6	33.6	0.0	4.341863
19	6	2019	23.3	34.4	0.0	4.454358
20	6	2019	21.2	34.5	0.0	4.636777
21	6	2019	20.6	34.0	0.0	4.597949
22	6	2019	19.7	33.9	0.0	4.720707
23	6	2019	17.8	34.3	0.0	4.859731
24	6	2019	19.7	33.7	0.0	4.555878
25	6	2019	18.9	34.3	0.0	4.76446
26	6	2019	19.8	34.7	0.0	4.835926
27	6	2019	19.3	35.1	0.0	4.943745
28	6	2019	18.9	34.4	0.0	4.729686
29	6	2019	20.7	35.1	0.0	4.890364
30	6	2019	20.5	34.4	0.0	4.765273
1	7	2019	20.2	35.6	0.0	4.989892
2	7	2019	20.4	34.8	0.0	4.83063
3	7	2019	20.2	35.1	0.0	4.771857
4	7	2019	20.5	35.4	0.0	4.674204
5	7	2019	21.4	34.0	0.0	4.296848
6	7	2019	21.5	35.0	0.0	4.572171
7	7	2019	23.2	31.0	0.0	3.500056
8	7	2019	21.9	30.7	24.6	3.302428
9	7	2019	22.1	32.5	0.2	4.058066
10	7	2019	20.7	32.2	0.0	4.17889
11	7	2019	21.1	33.2	0.0	4.452597
12	7	2019	20.5	34.1	0.0	4.63356
13	7	2019	21.0	34.0	0.0	4.604613
14	7	2019	21.0	33.3	0.0	4.461003
15	7	2019	19.5	34.1	0.0	4.697706
16	7	2019	20.7	34.0	0.0	4.553798
17	7	2019	21.0	32.6	0.0	4.160883
18	7	2019	21.6	33.2	0.0	4.392242
19	7	2019	19.3	33.9	0.0	4.901611
20	7	2019	18.9	33.8	0.0	4.993094
21	7	2019	20.6	33.9	0.0	4.974686
22	7	2019	19.6	34.4	0.0	5.035769
23	7	2019	20.2	34.4	0.0	5.073136
24	7	2019	19.4	34.5	0.0	5.021525
25	7	2019	20.0	35.3	0.0	5.155118
26	7	2019	17.9	36.0	0.0	5.587654
27	7	2019	18.2	34.3	0.0	5.259797
28	7	2019	19.0	34.4	0.0	5.111992
29	7	2019	19.4	34.8	0.0	5.147565
30	7	2019	19.1	36.1	0.0	5.529618
31	7	2019	17.5	36.0	0.0	5.622247
1	8	2019	19.4	35.2	0.0	5.256444
2	8	2019	20.8	34.9	0.0	5.10637
3	8	2019	20.3	36.1	0.0	5.351682
4	8	2019	19.7	35.2	0.0	5.203006
5	8	2019	20.8	34.3	0.0	5.034962
6	8	2019	20.3	34.7	0.0	5.286576
7	8	2019	19.2	33.5	0.0	5.26273
8	8	2019	18.6	35.0	0.0	5.426557
9	8	2019	18.8	35.4	0.0	5.584587
10	8	2019	18.7	36.0	0.0	5.802292
11	8	2019	16.6	36.7	0.0	6.070417
12	8	2019	19.2	36.5	0.0	5.928653
13	8	2019	20.3	36.4	0.0	5.807932
14	8	2019	21.7	36.6	0.0	5.787863
15	8	2019	21.3	35.9	0.0	5.541467
16	8	2019	20.3	35.3	0.0	5.700261
17	8	2019	16.2	35.4	0.0	5.863862
18	8	2019	19.3	36.5	0.0	5.945309
19	8	2019	18.1	37.0	0.0	6.12355
20	8	2019	19.8	35.2	0.0	5.440195
21	8	2019	21.3	35.5	0.0	5.259797
22	8	2019	22.3	35.0	0.0	5.238508
23	8	2019	20.5	35.5	0.0	5.446161
24	8	2019	20.2	35.5	0.0	5.582991
25	8	2019	19.1	35.6	0.0	5.658013
26	8	2019	20.7	36.1	0.0	5.829734
27	8	2019	18.5	36.9	0.0	6.179216
28	8	2019	20.4	37.0	0.0	6.160069
29	8	2019	20.3	36.2	0.0	5.957473
30	8	2019	20.2	36.3	0.0	5.908957
31	8	2019	20.7	36.4	0.0	5.881929
1	9	2019	21.1	36.1	0.0	5.754862
2	9	2019	21.5	35.4	0.0	5.458944
3	9	2019	21.5	36.3	0.0	5.702257
4	9	2019	23.9	37.3	0.0	5.85635
5	9	2019	24.2	37.2	0.0	5.935411
6	9	2019	22.2	35.9	0.0	5.786556
7	9	2019	22.2	36.1	0.0	5.867801
8	9	2019	19.8	37.0	0.0	6.370067
9	9	2019	20.6	37.2	0.0	6.331056
10	9	2019	21.0	37.9	0.0	6.485463
11	9	2019	19.7	38.3	0.0	6.616582
12	9	2019	22.4	38.3	0.0	6.461568
13	9	2019	21.5	36.9	0.0	6.13525
14	9	2019	24.7	35.3	0.0	5.4141
15	9	2019	23.6	36.5	0.0	5.829402
16	9	2019	22.6	37.0	0.0	6.120425
17	9	2019	22.1	36.9	0.0	6.187656
18	9	2019	21.9	36.6	0.0	6.114511
19	9	2019	22.9	39.1	0.0	6.736741
20	9	2019	23.5	37.5	0.0	6.309121
21	9	2019	25.4	38.1	0.0	6.326103
22	9	2019	25.7	36.2	0.0	5.771445
23	9	2019	23.0	34.3	0.0	5.309669
24	9	2019	23.9	34.2	0.0	5.248007
25	9	2019	23.2	36.9	0.0	6.014609
26	9	2019	23.4	37.4	0.0	6.24493
27	9	2019	22.2	34.9	0.0	5.594145
28	9	2019	24.3	36.3	8.8	5.625989
29	9	2019	23.1	33.6	0.0	4.897588
30	9	2019	22.8	34.4	0.0	5.212948
1	10	2019	23.4	35.6	1.2	5.591722
2	10	2019	23.3	32.6	3.0	4.485936
3	10	2019	22.7	35.7	0.0	5.50619
4	10	2019	23.5	34.4	8.2	5.065213
5	10	2019	22.8	34.3	0.0	5.249047
6	10	2019	22.9	34.5	13.6	5.266751
7	10	2019	23.7	34.4	0.0	5.195015
8	10	2019	22.7	35.3	0.0	5.583283
9	10	2019	22.9	35.1	0.0	5.569208
10	10	2019	22.6	36.6	0.0	6.092678
11	10	2019	24.0	36.4	0.0	6.005947
12	10	2019	23.2	37.5	0.0	6.392461
13	10	2019	23.7	36.7	0.0	6.125291
14	10	2019	24.4	36.0	0.0	5.784747
15	10	2019	25.6	36.4	0.0	5.740497
16	10	2019	22.9	35.5	0.0	5.723276
17	10	2019	23.5	34.8	0.0	5.406434
18	10	2019	24.3	36.0	0.0	5.743881
19	10	2019	24.0	36.8	0.0	5.980467
20	10	2019	25.4	31.8	2.0	4.545884
21	10	2019	22.2	36.7	0.4	5.92678
22	10	2019	22.7	30.0	10.8	3.790479
23	10	2019	22.4	34.6	0.0	5.099771
24	10	2019	23.8	36.1	0.0	5.573014
25	10	2019	23.1	34.9	0.0	5.409024
26	10	2019	23.1	35.7	0.0	5.59299
27	10	2019	24.9	36.4	0.0	5.797322
28	10	2019	23.1	37.0	0.0	6.192722
29	10	2019	24.5	34.6	0.0	5.422694
30	10	2019	24.1	34.7	0.0	5.370195
31	10	2019	24.3	36.2	0.0	5.753126
1	11	2019	24.1	36.5	0.0	5.915313
2	11	2019	22.6	36.8	0.0	6.129524
3	11	2019	24.7	33.0	0.0	4.923461
4	11	2019	23.3	36.5	0.0	5.842899
5	11	2019	23.9	36.8	0.0	6.000687
6	11	2019	20.8	35.6	21.0	5.829891
7	11	2019	23.4	34.4	0.0	4.942934
8	11	2019	24.0	29.7	0.0	3.694305
9	11	2019	21.2	33.4	0.0	4.906305
10	11	2019	23.1	33.8	0.0	5.033643
11	11	2019	22.9	34.5	0.0	5.229513
12	11	2019	23.9	33.3	0.0	4.980409
13	11	2019	24.5	35.0	0.0	5.332666
14	11	2019	22.5	33.1	0.0	5.032
15	11	2019	22.8	34.3	0.0	5.277115
16	11	2019	22.8	35.3	0.0	5.558627
17	11	2019	24.2	34.6	0.0	5.335006
18	11	2019	24.9	35.9	1.8	5.629065
19	11	2019	23.1	33.5	27.2	4.778418
20	11	2019	22.6	33.5	0.0	4.837611
21	11	2019	22.6	30.8	4.8	4.211622
22	11	2019	22.2	34.7	0.0	4.942661
23	11	2019	21.5	32.9	29.6	4.720101
24	11	2019	22.9	34.0	0.0	4.894594
25	11	2019	24.2	34.7	0.0	5.097188
26	11	2019	25.0	32.2	0.0	4.435219
27	11	2019	24.4	34.7	0.0	5.145925
28	11	2019	25.5	36.3	0.0	5.518591
29	11	2019	24.1	34.6	20.2	4.945305
30	11	2019	25.2	35.1	0.0	5.149866
1	12	2019	23.7	34.1	2.4	5.104861
2	12	2019	22.5	33.3	0.0	4.836194
3	12	2019	23.4	34.4	0.0	5.151625
4	12	2019	23.2	34.6	10.6	5.061075
5	12	2019	23.2	32.9	16.6	4.407721
6	12	2019	23.6	33.9	0.8	4.729918
7	12	2019	22.6	34.6	0.0	5.162745
8	12	2019	24.6	34.2	0.0	5.020118
9	12	2019	22.9	32.2	17.0	4.494345
10	12	2019	22.3	35.2	0.0	5.476078
11	12	2019	24.0	34.0	0.0	5.045802
12	12	2019	23.6	33.5	0.0	4.924427
13	12	2019	24.3	32.3	2.8	4.316287
14	12	2019	23.5	33.9	0.4	4.696015
15	12	2019	24.4	35.5	0.0	5.197235
16	12	2019	23.5	35.9	0.0	5.468539
17	12	2019	24.9	35.5	4.4	5.277588
18	12	2019	23.2	33.9	41.6	4.717873
19	12	2019	23.9	33.9	0.0	4.821655
20	12	2019	22.8	35.0	0.0	5.24805
21	12	2019	23.4	36.1	0.2	5.537314
22	12	2019	23.9	35.1	18.8	5.057139
23	12	2019	23.8	33.4	3.8	4.626491
24	12	2019	24.2	34.8	0.0	5.079621
25	12	2019	24.9	32.0	0.2	4.141598
26	12	2019	23.6	28.7	1.2	3.290704
27	12	2019	23.3	35.5	0.0	5.08565
28	12	2019	24.2	32.6	0.0	4.471062
29	12	2019	23.4	33.5	2.4	4.5228
30	12	2019	23.2	31.6	0.4	4.014247
31	12	2019	22.3	30.2	11.6	3.883514
1	1	2020	24.1	31.9	0.2	4.206033
2	1	2020	23.2	28.2	14.4	3.256036
3	1	2020	23.1	32.4	0.4	4.238981
4	1	2020	22.2	28.4	122.0	3.309996
5	1	2020	22.8	33.1	0.0	4.536776
6	1	2020	23.3	29.0	10.4	3.316424
7	1	2020	22.9	30.1	10.6	3.596001
8	1	2020	23.4	33.0	1.4	4.358908
9	1	2020	23.1	33.0	29.0	4.452149
10	1	2020	22.6	32.5	0.4	4.300272
11	1	2020	24.1	32.2	2.6	4.205327
12	1	2020	23.5	30.0	1.2	3.693885
13	1	2020	23.0	32.9	1.0	4.38276
14	1	2020	22.6	32.2	0.6	4.316407
15	1	2020	24.2	33.6	0.0	4.581498
16	1	2020	22.5	34.2	0.0	4.930985
17	1	2020	24.5	34.5	0.0	4.89017
18	1	2020	21.1	32.8	32.8	4.606987
19	1	2020	25.1	33.2	0.0	4.298146
20	1	2020	22.3	32.0	0.2	4.47472
21	1	2020	24.1	30.3	1.8	3.711764
22	1	2020	23.3	31.2	5.6	4.05048
23	1	2020	24.6	31.2	2.2	3.823711
24	1	2020	23.4	33.2	6.4	4.501032
25	1	2020	24.1	34.4	6.4	4.822639
26	1	2020	24.3	33.7	1.4	4.499967
27	1	2020	23.0	28.3	28.0	3.158818
28	1	2020	24.0	30.8	0.2	3.6557
29	1	2020	21.8	34.1	15.0	4.950757
30	1	2020	22.9	33.9	2.8	4.882992
31	1	2020	24.4	34.7	1.0	4.899206
1	2	2020	23.8	33.6	2.2	4.838032
2	2	2020	23.1	33.8	0.0	4.822368
3	2	2020	23.2	33.2	0.0	4.694665
4	2	2020	23.2	32.4	0.4	4.430688
5	2	2020	23.3	31.5	33.8	4.064315
6	2	2020	22.7	32.2	5.2	4.399497
7	2	2020	22.5	32.4	60.0	4.458075
8	2	2020	22.5	28.8	45.2	3.334427
9	2	2020	22.9	31.7	12.4	4.128894
10	2	2020	24.1	33.3	0.0	4.448651
11	2	2020	23.5	33.5	0.0	4.758478
12	2	2020	24.0	32.9	3.6	4.491074
13	2	2020	23.6	33.8	0.0	4.725683
14	2	2020	23.3	34.0	0.0	5.012593
15	2	2020	20.0	30.4	73.8	4.198431
16	2	2020	23.4	32.9	0.0	4.545683
17	2	2020	23.9	33.8	0.0	4.793004
18	2	2020	24.1	34.2	0.8	4.797468
19	2	2020	23.6	27.7	16.2	2.937571
20	2	2020	22.8	27.5	14.8	2.9471
21	2	2020	23.5	32.1	31.4	3.965542
22	2	2020	22.5	30.6	10.0	3.844925
23	2	2020	22.1	34.1	35.0	4.908251
24	2	2020	23.2	34.2	0.2	4.838109
25	2	2020	24.3	30.1	4.4	3.534989
26	2	2020	24.0	31.8	0.2	4.015238
27	2	2020	23.7	33.1	14.2	4.366662
28	2	2020	23.7	31.8	1.2	4.150982
29	2	2020	23.2	32.9	6.8	4.42399
1	3	2020	21.9	31.7	27.4	4.158909
2	3	2020	22.7	30.5	34.4	3.748407
3	3	2020	23.3	32.2	8.0	4.142687
4	3	2020	22.9	31.0	142.4	3.798218
5	3	2020	23.7	32.0	11.4	4.106647
6	3	2020	23.9	29.7	28.4	3.398607
7	3	2020	23.5	31.3	5.4	3.865011
8	3	2020	22.9	33.1	45.6	4.425514
9	3	2020	23.4	31.6	114.4	3.874838
10	3	2020	23.5	31.5	0.0	3.871995
11	3	2020	23.6	31.7	9.2	4.027865
12	3	2020	23.6	33.3	0.0	4.487312
13	3	2020	22.4	32.2	13.0	4.223664
14	3	2020	23.9	32.1	0.8	3.941952
15	3	2020	23.1	30.1	127.0	3.531744
16	3	2020	21.4	31.3	153.6	4.029699
17	3	2020	23.1	34.0	0.0	4.689504
18	3	2020	24.1	33.1	0.0	4.421089
19	3	2020	21.8	31.0	36.2	3.95288
20	3	2020	23.7	29.8	11.2	3.474393
21	3	2020	22.0	28.1	11.2	3.16847
22	3	2020	23.1	32.4	0.0	4.103377
23	3	2020	23.8	33.4	0.0	4.454277
24	3	2020	24.2	33.4	0.2	4.403608
25	3	2020	22.2	30.3	75.6	3.802389
26	3	2020	23.2	33.2	0.0	4.408008
27	3	2020	23.1	32.3	32.8	4.176256
28	3	2020	23.4	33.3	10.2	4.376258
29	3	2020	24.6	34.8	0.0	4.909768
30	3	2020	23.7	34.0	0.2	4.640819
31	3	2020	23.6	33.8	0.0	4.505089
1	4	2020	23.8	34.2	3.6	4.531101
2	4	2020	23.3	34.2	0.0	4.633418
3	4	2020	22.0	33.2	19.0	4.385737
4	4	2020	22.7	34.3	0.0	4.543973
5	4	2020	24.1	34.3	0.0	4.562525
6	4	2020	24.6	32.0	6.2	3.858133
7	4	2020	23.5	34.5	0.0	4.625419
8	4	2020	23.8	35.0	13.6	4.698331
9	4	2020	22.4	32.3	9.2	4.064186
10	4	2020	23.6	34.5	0.8	4.507787
11	4	2020	24.2	33.1	0.2	4.155484
12	4	2020	23.1	28.7	31.2	3.048017
13	4	2020	22.5	32.7	26.2	4.058425
14	4	2020	22.7	25.4	75.2	2.168133
15	4	2020	22.7	31.8	0.0	3.81826
16	4	2020	22.6	33.2	5.2	4.212017
17	4	2020	22.0	31.7	61.2	3.739779
18	4	2020	22.5	31.7	0.8	3.786434
19	4	2020	22.9	32.5	1.2	3.999101
20	4	2020	22.8	32.6	17.6	3.967656
21	4	2020	22.8	30.2	14.4	3.386211
22	4	2020	23.0	31.9	3.6	3.801928
23	4	2020	23.4	31.8	2.8	3.697807
24	4	2020	23.5	33.0	20.0	3.849337
25	4	2020	23.3	30.3	1.6	3.258541
26	4	2020	22.6	33.2	0.2	4.223515
27	4	2020	22.4	33.8	2.4	4.402876
28	4	2020	22.8	32.8	4.6	4.055402
29	4	2020	23.3	32.3	0.0	4.022385
30	4	2020	23.1	33.7	0.6	4.354615
1	5	2020	24.8	32.9	0.0	4.043838
2	5	2020	24.0	34.2	0.0	4.443538
3	5	2020	23.0	34.7	0.0	4.573912
4	5	2020	23.6	34.4	1.2	4.48023
5	5	2020	23.9	34.1	0.0	4.481609
6	5	2020	23.3	34.3	0.0	4.683112
7	5	2020	23.3	34.5	0.0	4.607263
8	5	2020	22.6	32.8	5.4	4.134239
9	5	2020	22.7	32.3	1.6	3.875086
10	5	2020	23.8	33.1	0.0	4.14984
11	5	2020	22.9	33.7	0.0	4.421483
12	5	2020	22.2	33.9	0.0	4.516201
13	5	2020	22.6	35.7	0.0	4.914998
14	5	2020	22.3	34.7	0.0	4.685511
15	5	2020	23.5	34.7	0.0	4.446709
16	5	2020	24.2	33.5	0.0	4.065184
17	5	2020	23.7	33.8	0.0	4.165962
18	5	2020	23.5	34.5	0.0	4.299072
19	5	2020	23.1	33.2	2.0	3.950576
20	5	2020	23.9	34.2	0.6	4.18712
21	5	2020	22.6	34.0	0.0	4.342263
22	5	2020	24.1	34.6	0.0	4.397458
23	5	2020	24.2	35.0	0.0	4.594773
24	5	2020	22.4	33.9	0.0	4.306111
25	5	2020	23.8	31.9	9.0	3.6907
26	5	2020	24.5	27.6	0.0	2.344512
27	5	2020	22.6	33.0	0.2	3.730654
28	5	2020	22.5	33.0	0.2	3.933028
29	5	2020	23.8	33.4	2.0	3.942875
30	5	2020	22.5	33.4	0.0	4.17061
31	5	2020	21.8	33.4	0.0	4.298894
1	6	2020	22.5	33.2	0.0	4.165354
2	6	2020	22.8	34.1	0.0	4.262633
3	6	2020	22.6	34.2	0.0	4.298274
4	6	2020	22.3	34.5	0.0	4.373569
5	6	2020	22.4	32.9	0.0	4.034587
6	6	2020	22.2	34.4	0.0	4.521966
7	6	2020	20.4	34.6	0.0	4.673957
8	6	2020	21.0	34.7	0.0	4.658211
9	6	2020	22.3	34.3	0.0	4.516535
10	6	2020	21.6	33.6	0.0	4.352829
11	6	2020	22.4	34.7	0.0	4.587103
12	6	2020	21.9	34.0	0.0	4.453951
13	6	2020	20.9	34.5	0.0	4.607968
14	6	2020	19.7	34.5	0.0	4.702769
15	6	2020	22.1	34.5	0.0	4.650031
16	6	2020	20.1	34.2	0.0	4.690882
17	6	2020	21.3	34.3	0.0	4.725448
18	6	2020	21.1	34.2	0.0	4.747469
19	6	2020	18.1	33.7	0.0	4.712775
20	6	2020	20.5	34.3	0.0	4.62367
21	6	2020	21.3	34.1	0.0	4.676249
22	6	2020	19.1	33.5	0.0	4.73784
23	6	2020	17.8	34.4	0.0	4.909362
24	6	2020	20.7	34.3	0.0	4.607029
25	6	2020	20.1	34.3	0.0	4.765842
26	6	2020	19.8	34.4	0.0	4.671166
27	6	2020	19.8	35.6	0.0	5.033791
28	6	2020	21.2	35.9	0.0	5.062015
29	6	2020	20.3	34.4	0.0	4.762465
30	6	2020	19.5	33.9	0.0	4.670358
1	7	2020	19.1	36.0	0.0	5.057035
2	7	2020	20.1	36.4	0.0	5.13853
3	7	2020	20.9	34.6	0.0	4.717809
4	7	2020	19.1	35.6	0.0	5.10796
5	7	2020	19.5	35.1	0.0	5.045064
6	7	2020	19.5	35.2	0.0	5.014719
7	7	2020	21.3	36.3	0.0	5.055055
8	7	2020	20.1	35.2	0.0	5.045444
9	7	2020	18.1	36.6	0.0	5.396127
10	7	2020	18.6	35.0	0.0	5.036934
11	7	2020	20.2	32.1	0.0	4.253853
12	7	2020	20.3	36.0	0.0	5.121248
13	7	2020	19.2	35.7	0.0	5.216857
14	7	2020	20.0	35.7	0.0	5.165239
15	7	2020	19.8	35.7	0.0	5.193621
16	7	2020	19.3	34.9	0.0	5.07204
17	7	2020	19.8	35.2	0.0	5.162778
18	7	2020	18.9	35.3	0.0	5.3109
19	7	2020	18.3	35.3	0.0	5.343703
20	7	2020	19.7	34.8	0.0	5.20334
21	7	2020	19.4	34.9	0.0	5.232106
22	7	2020	18.5	35.3	0.0	5.346091
23	7	2020	19.8	35.5	0.0	5.34468
24	7	2020	19.8	35.0	0.0	5.346203
25	7	2020	18.4	35.5	0.0	5.519284
26	7	2020	16.5	35.3	0.0	5.565377
27	7	2020	17.0	35.4	0.0	5.655451
28	7	2020	15.8	35.3	0.0	5.626528
29	7	2020	18.1	35.2	0.0	5.517418
30	7	2020	21.1	37.2	0.0	5.834347
31	7	2020	18.4	36.0	0.0	5.745546
1	8	2020	16.2	36.1	0.0	5.853831
2	8	2020	19.6	36.1	0.0	5.743669
3	8	2020	19.2	35.3	0.0	5.575513
4	8	2020	18.3	36.1	0.0	5.769385
5	8	2020	19.0	35.5	0.0	5.743968
6	8	2020	18.9	35.3	0.0	5.811714
7	8	2020	18.2	35.5	0.0	5.769319
8	8	2020	17.1	36.0	0.0	5.969097
9	8	2020	17.5	36.8	0.0	6.138321
10	8	2020	19.9	36.1	0.0	5.832836
11	8	2020	20.0	36.8	0.0	5.918029
12	8	2020	20.6	36.6	0.0	5.88016
13	8	2020	18.8	37.0	0.0	6.078768
14	8	2020	18.2	35.9	0.0	5.86336
15	8	2020	18.7	36.2	0.0	5.937664
16	8	2020	19.4	37.5	0.0	6.17877
17	8	2020	19.3	37.9	0.0	6.290738
18	8	2020	18.9	37.7	0.0	6.276837
19	8	2020	19.8	37.2	0.0	6.117883
20	8	2020	19.0	38.9	0.0	6.60991
21	8	2020	18.5	38.6	0.0	6.569847
22	8	2020	21.5	35.3	0.0	5.469968
23	8	2020	22.2	34.6	0.0	4.957227
24	8	2020	24.4	35.7	0.0	5.28961
25	8	2020	21.8	33.6	0.0	4.988507
26	8	2020	20.4	37.7	0.0	6.053535
27	8	2020	25.4	35.8	0.0	5.400796
28	8	2020	23.7	37.3	0.0	5.843268
29	8	2020	21.8	36.4	0.0	5.865812
30	8	2020	20.4	37.9	0.0	6.43144
31	8	2020	20.8	37.2	0.0	6.314223
1	9	2020	17.8	38.0	0.0	6.624232
2	9	2020	18.7	37.7	0.0	6.659369
3	9	2020	18.2	37.0	0.0	6.618626
4	9	2020	18.2	37.3	0.0	6.535407
5	9	2020	19.1	38.2	0.0	6.700701
6	9	2020	21.4	37.3	0.0	6.431766
7	9	2020	20.7	37.6	0.0	6.554082
8	9	2020	19.2	38.3	0.0	6.716351
9	9	2020	20.8	37.5	0.0	6.483084
10	9	2020	21.1	38.0	0.0	6.574907
11	9	2020	20.1	37.9	0.0	6.630148
12	9	2020	22.2	38.5	0.0	6.615826
13	9	2020	20.6	36.7	0.0	6.367374
14	9	2020	20.1	37.9	0.0	6.785587
15	9	2020	21.5	38.1	0.0	6.851708
16	9	2020	19.3	37.9	0.0	6.833125
17	9	2020	20.6	38.8	0.0	6.84618
18	9	2020	23.8	36.0	0.0	5.857316
19	9	2020	24.8	37.5	0.0	6.089955
20	9	2020	23.9	35.1	0.0	5.529098
21	9	2020	23.5	36.2	0.0	5.793958
22	9	2020	24.4	36.5	0.0	5.735626
23	9	2020	24.1	37.1	0.0	6.043638
24	9	2020	24.4	38.9	0.0	6.606177
25	9	2020	25.7	35.1	0.0	5.568383
26	9	2020	23.7	36.5	0.0	6.015987
27	9	2020	21.5	36.9	0.0	6.273213
28	9	2020	22.4	38.2	0.0	6.572064
29	9	2020	25.1	37.3	0.0	6.232456
30	9	2020	23.2	36.5	0.0	6.102852
1	10	2020	23.7	37.6	0.0	6.368171
2	10	2020	23.8	38.0	0.0	6.494143
3	10	2020	23.9	37.8	0.0	6.439424
4	10	2020	24.6	38.2	0.0	6.396657
5	10	2020	25.2	35.7	0.0	5.750742
6	10	2020	24.4	38.0	0.0	6.391695
7	10	2020	24.4	38.5	0.0	6.643546
8	10	2020	24.9	36.8	0.0	6.169684
9	10	2020	24.1	37.0	0.8	6.185385
10	10	2020	24.4	37.4	6.0	6.346241
11	10	2020	21.3	32.6	9.6	4.770389
12	10	2020	22.2	35.3	0.0	5.558444
13	10	2020	22.6	35.9	0.0	5.742014
14	10	2020	23.2	35.1	0.0	5.565494
15	10	2020	21.7	37.3	0.0	6.244928
16	10	2020	22.6	36.0	0.0	5.820922
17	10	2020	24.4	37.1	0.0	6.099476
18	10	2020	24.4	36.5	0.0	5.993536
19	10	2020	24.5	36.3	0.0	6.027031
20	10	2020	24.4	36.6	0.0	5.993831
21	10	2020	23.9	38.2	0.0	6.482366
22	10	2020	25.1	36.8	0.0	6.201821
23	10	2020	25.9	35.8	0.0	5.642355
24	10	2020	24.1	36.2	0.2	5.784334
25	10	2020	23.3	34.6	0.0	5.234763
26	10	2020	25.9	36.5	0.0	5.717992
27	10	2020	22.6	34.0	8.6	5.028845
28	10	2020	22.9	36.7	0.0	5.963793
29	10	2020	24.5	37.7	1.8	6.143885
30	10	2020	24.8	32.3	0.0	4.441954
31	10	2020	24.6	36.0	0.0	5.678249
1	11	2020	25.6	36.5	0.0	5.875026
2	11	2020	24.2	30.5	2.8	3.890011
3	11	2020	22.4	26.7	6.8	2.929574
4	11	2020	21.9	33.8	5.4	4.836698
5	11	2020	23.9	32.8	2.6	4.461472
6	11	2020	22.0	29.9	46.8	3.769909
7	11	2020	23.8	34.4	0.0	4.932751
8	11	2020	23.2	35.9	0.0	5.601662
9	11	2020	23.8	34.3	2.2	5.09377
10	11	2020	24.5	34.0	0.0	4.8921
11	11	2020	22.8	33.9	0.2	5.032209
12	11	2020	24.2	35.0	0.0	5.258118
13	11	2020	23.6	34.0	0.0	5.1328
14	11	2020	23.2	36.0	0.0	5.514521
15	11	2020	23.9	35.3	0.0	5.477867
16	11	2020	23.7	33.9	0.0	5.004387
17	11	2020	23.0	34.2	0.0	5.03887
18	11	2020	24.5	33.8	0.4	4.767872
19	11	2020	23.0	26.5	9.6	2.779592
20	11	2020	23.3	33.0	0.2	4.53733
21	11	2020	22.4	34.3	0.8	5.017603
22	11	2020	23.9	28.5	2.6	3.227921
23	11	2020	22.1	33.9	18.4	4.749351
24	11	2020	23.7	33.9	0.0	4.74103
25	11	2020	23.6	34.3	0.0	5.148859
26	11	2020	22.7	32.8	0.0	4.747002
27	11	2020	24.2	30.8	0.0	4.006157
28	11	2020	23.4	33.1	0.0	4.662935
29	11	2020	22.3	35.4	0.0	5.521007
30	11	2020	22.9	32.6	1.4	4.639763
1	12	2020	22.3	35.5	0.0	5.352909
2	12	2020	23.2	34.1	0.0	5.022464
3	12	2020	22.9	33.8	0.0	4.924935
4	12	2020	22.9	36.2	0.0	5.531458
5	12	2020	23.8	35.3	0.0	5.282775
6	12	2020	24.5	36.0	0.2	5.380181
7	12	2020	24.6	33.9	0.0	4.909932
8	12	2020	21.5	32.4	36.4	4.466479
9	12	2020	22.8	32.6	5.6	4.392079
10	12	2020	22.5	32.0	8.6	4.17989
11	12	2020	23.4	34.1	0.0	4.866121
12	12	2020	23.3	34.0	0.0	4.847452
13	12	2020	23.3	32.1	3.0	4.296539
14	12	2020	21.8	28.3	16.0	3.430389
15	12	2020	21.8	31.9	28.6	4.189464
16	12	2020	22.9	32.1	3.2	4.162708
17	12	2020	24.0	33.2	0.2	4.387915
18	12	2020	22.7	32.9	3.8	4.538796
19	12	2020	23.5	33.3	0.0	4.670982
20	12	2020	21.6	27.6	42.2	3.228617
21	12	2020	22.6	32.6	0.8	4.260814
22	12	2020	23.4	32.8	0.6	4.415324
23	12	2020	23.7	31.8	0.0	4.141066
24	12	2020	22.9	29.7	4.2	3.595283
25	12	2020	22.1	31.2	27.4	4.114684
26	12	2020	22.4	31.8	46.2	4.211874
27	12	2020	21.9	32.7	0.2	4.452249
28	12	2020	22.3	32.8	0.0	4.615086
29	12	2020	22.3	33.3	0.0	4.731264
30	12	2020	23.3	31.9	0.0	4.203903
31	12	2020	22.9	34.2	0.2	4.832601
1	1	2021	23.1	34.7	0.0	5.011973
2	1	2021	23.1	33.7	8.2	4.649875
3	1	2021	24.0	33.4	2.2	4.420148
4	1	2021	20.9	33.2	19.8	4.684738
5	1	2021	22.3	32.6	0.2	4.39649
6	1	2021	22.0	33.7	4.0	4.644289
7	1	2021	23.2	34.6	0.2	4.944031
8	1	2021	23.0	33.9	2.6	4.812142
9	1	2021	22.9	31.9	8.8	4.14874
10	1	2021	23.0	32.1	0.2	4.221442
11	1	2021	23.1	33.5	0.2	4.613181
12	1	2021	23.7	31.0	3.0	3.796006
13	1	2021	20.8	30.6	39.2	4.028804
14	1	2021	22.0	32.0	5.0	4.263805
15	1	2021	23.0	31.5	6.0	4.015488
16	1	2021	23.2	31.8	2.4	4.005335
17	1	2021	22.5	33.2	1.4	4.46805
18	1	2021	22.8	29.0	0.4	3.540992
19	1	2021	22.8	31.4	7.0	4.133484
20	1	2021	22.5	26.8	1.0	2.813675
21	1	2021	22.2	27.9	0.0	3.174365
22	1	2021	21.1	33.3	11.2	4.544688
23	1	2021	21.6	33.6	0.0	4.795894
24	1	2021	22.3	32.6	0.0	4.737161
25	1	2021	21.4	33.9	0.0	5.142011
26	1	2021	21.9	32.8	1.0	4.826914
27	1	2021	22.1	33.2	29.4	4.590838
28	1	2021	23.2	31.6	0.0	4.047741
29	1	2021	21.8	32.4	10.0	4.498155
30	1	2021	23.7	30.4	3.4	3.755071
31	1	2021	22.5	33.2	0.0	4.794742
1	2	2021	21.3	33.8	1.4	5.033427
2	2	2021	22.9	33.8	0.0	4.930356
3	2	2021	22.7	34.3	0.0	5.210615
4	2	2021	22.5	34.5	0.0	5.221614
5	2	2021	23.5	33.8	0.0	4.933123
6	2	2021	23.3	34.1	0.0	5.169665
7	2	2021	23.1	35.2	12.8	5.292982
8	2	2021	23.8	31.8	0.8	4.04724
9	2	2021	22.8	32.5	1.6	4.401496
10	2	2021	23.2	33.9	0.0	4.911656
11	2	2021	23.0	32.6	25.4	4.371977
12	2	2021	23.7	33.5	0.2	4.632206
13	2	2021	23.0	30.1	20.2	3.729627
14	2	2021	23.9	32.8	0.0	4.401619
15	2	2021	23.1	29.2	48.2	3.382792
16	2	2021	22.6	27.2	15.0	2.928988
17	2	2021	22.9	32.6	11.0	4.248955
18	2	2021	22.2	27.4	33.6	3.010747
19	2	2021	22.5	31.1	2.2	3.994147
20	2	2021	23.6	32.3	0.0	4.353558
21	2	2021	24.2	31.7	0.6	4.071149
22	2	2021	22.7	27.1	2.2	2.926653
23	2	2021	21.3	30.6	11.8	3.972564
24	2	2021	23.2	32.9	0.6	4.499798
25	2	2021	22.1	33.4	4.6	4.88822
26	2	2021	21.8	32.0	20.2	4.41921
27	2	2021	22.1	29.3	31.2	3.664992
28	2	2021	22.0	33.1	2.6	4.797448
1	3	2021	22.1	29.1	7.0	3.553482
2	3	2021	22.4	31.9	13.8	4.202378
3	3	2021	22.8	32.6	1.4	4.397872
4	3	2021	23.0	32.8	1.2	4.556843
5	3	2021	22.2	33.1	0.8	4.67636
6	3	2021	22.4	31.4	0.0	4.238242
7	3	2021	22.2	32.7	1.6	4.529353
8	3	2021	22.2	33.4	0.0	4.797858
9	3	2021	22.5	33.4	4.8	4.71856
10	3	2021	22.7	32.2	0.0	4.393562
11	3	2021	22.7	32.8	0.0	4.538196
12	3	2021	22.4	31.1	5.0	4.13683
13	3	2021	22.3	30.7	10.0	3.861834
14	3	2021	22.8	31.7	11.6	4.036222
15	3	2021	21.9	32.3	9.4	4.415067
16	3	2021	22.7	33.6	0.0	4.746437
17	3	2021	22.8	33.3	0.0	4.630627
18	3	2021	23.6	31.4	5.6	3.962586
19	3	2021	23.4	29.2	4.0	3.399848
20	3	2021	21.2	31.1	35.4	4.011105
21	3	2021	22.0	31.6	10.0	4.102682
22	3	2021	23.2	30.3	1.8	3.636149
23	3	2021	22.5	32.6	0.2	4.359542
24	3	2021	22.8	32.6	1.2	4.375901
25	3	2021	23.2	30.6	35.8	3.651667
26	3	2021	21.5	31.2	22.2	4.015429
27	3	2021	21.7	32.2	31.4	4.23923
28	3	2021	22.9	33.6	0.0	4.753072
29	3	2021	23.0	33.2	0.0	4.498995
30	3	2021	23.4	31.6	0.2	4.02436
31	3	2021	23.0	33.5	0.2	4.457946
1	4	2021	23.5	33.2	8.6	4.317879
2	4	2021	23.4	32.0	26.8	3.986617
3	4	2021	22.8	34.7	0.0	4.92493
4	4	2021	22.9	34.1	0.0	4.677875
5	4	2021	22.9	34.3	1.6	4.605368
6	4	2021	23.2	34.0	0.2	4.692211
7	4	2021	22.3	35.3	0.0	5.248428
8	4	2021	21.2	36.2	0.0	5.600627
9	4	2021	22.3	33.5	0.0	4.662353
10	4	2021	21.6	35.0	0.0	4.976114
11	4	2021	22.7	31.1	0.2	3.901912
12	4	2021	23.2	34.2	4.2	4.50884
13	4	2021	23.0	34.1	1.8	4.417034
14	4	2021	23.2	34.3	0.0	4.552487
15	4	2021	23.2	32.5	3.6	4.132553
16	4	2021	22.9	32.4	3.4	4.069686
17	4	2021	23.8	32.5	0.0	3.92317
18	4	2021	23.5	33.3	2.0	4.271717
19	4	2021	22.8	29.9	11.4	3.432605
20	4	2021	23.2	31.4	0.0	3.866192
21	4	2021	22.9	31.2	6.0	3.746594
22	4	2021	22.7	32.2	2.2	3.953085
23	4	2021	22.8	32.0	7.2	3.855144
24	4	2021	23.6	31.2	0.0	3.632622
25	4	2021	23.9	30.7	12.4	3.400432
26	4	2021	23.5	32.5	4.0	3.785233
27	4	2021	23.5	33.2	3.0	3.987258
28	4	2021	23.0	32.3	7.2	3.721913
29	4	2021	23.0	32.2	0.0	3.827518
30	4	2021	23.0	30.7	1.0	3.514588
1	5	2021	23.1	29.9	0.6	3.248465
2	5	2021	22.3	33.0	0.0	4.178044
3	5	2021	22.0	33.5	0.0	4.443511
4	5	2021	22.7	32.3	0.0	3.982377
5	5	2021	21.8	31.5	19.2	3.684246
6	5	2021	22.0	32.3	1.0	3.769377
7	5	2021	22.1	32.2	0.2	3.871145
8	5	2021	22.7	32.9	0.0	4.113364
9	5	2021	22.1	33.3	0.4	4.174641
10	5	2021	21.4	33.2	0.2	4.324497
11	5	2021	22.0	33.2	0.0	4.363076
12	5	2021	20.7	34.3	0.0	4.707793
13	5	2021	22.0	34.2	0.0	4.516578
14	5	2021	22.3	33.2	0.0	4.197938
15	5	2021	23.9	31.6	0.0	3.794469
16	5	2021	22.8	33.1	0.0	4.161845
17	5	2021	22.3	33.5	0.0	4.226346
18	5	2021	22.9	33.2	0.0	4.042682
19	5	2021	22.4	34.2	0.0	4.292899
20	5	2021	22.4	34.0	0.0	4.255419
21	5	2021	22.6	34.9	0.0	4.493073
22	5	2021	21.7	32.6	0.0	4.023309
23	5	2021	21.6	34.8	0.0	4.469468
24	5	2021	21.5	34.9	0.0	4.570497
25	5	2021	21.7	35.7	0.0	4.783467
26	5	2021	20.6	35.1	0.0	4.727221
27	5	2021	20.4	34.3	0.0	4.686021
28	5	2021	19.8	34.7	0.0	4.813522
29	5	2021	20.1	34.5	0.0	4.644716
30	5	2021	21.4	34.9	0.6	4.682304
31	5	2021	19.9	35.0	0.0	4.81424
1	6	2021	20.5	34.8	0.0	4.702252
2	6	2021	20.8	34.0	0.0	4.427729
3	6	2021	23.2	33.6	0.0	4.042327
4	6	2021	21.3	34.4	0.0	4.402192
5	6	2021	20.7	33.7	0.0	4.385286
6	6	2021	20.9	34.5	0.0	4.633351
7	6	2021	20.5	34.9	0.0	4.688051
8	6	2021	20.0	35.1	0.0	4.747833
9	6	2021	22.0	34.0	0.0	4.260149
10	6	2021	23.7	34.1	4.8	4.126029
11	6	2021	23.8	34.2	0.0	4.206208
12	6	2021	23.6	34.2	0.0	4.227066
13	6	2021	22.1	34.3	0.0	4.401638
14	6	2021	23.4	33.5	0.0	4.041132
15	6	2021	23.4	34.2	0.0	4.265897
16	6	2021	20.6	35.2	0.0	4.675736
17	6	2021	20.4	34.2	0.0	4.435647
18	6	2021	21.2	31.3	0.0	3.645743
19	6	2021	20.9	34.3	0.0	4.356959
20	6	2021	21.3	34.5	0.0	4.610991
21	6	2021	19.6	35.1	0.0	4.799145
22	6	2021	20.8	34.5	0.0	4.561708
23	6	2021	21.4	33.5	0.0	4.176571
24	6	2021	22.0	33.9	8.8	4.225294
25	6	2021	20.8	33.5	0.0	4.227888
26	6	2021	20.4	34.3	0.0	4.51952
27	6	2021	20.1	33.9	0.0	4.501493
28	6	2021	19.1	34.3	0.0	4.727156
29	6	2021	18.0	34.3	0.0	4.827095
30	6	2021	19.1	34.8	0.0	4.95799
1	7	2021	20.8	36.0	0.0	5.119546
2	7	2021	23.6	32.5	0.0	4.058793
3	7	2021	22.1	34.2	0.0	4.397262
4	7	2021	21.4	34.0	0.0	4.644387
5	7	2021	20.4	35.0	0.0	4.89699
6	7	2021	20.0	35.3	0.0	4.964744
7	7	2021	20.1	35.0	0.0	4.795859
8	7	2021	19.4	35.2	0.0	4.93757
9	7	2021	19.3	34.7	0.0	4.881108
10	7	2021	18.9	35.7	0.0	5.150171
11	7	2021	20.0	35.0	0.0	4.893762
12	7	2021	20.1	35.5	0.0	5.069736
13	7	2021	20.2	36.1	0.0	5.279539
14	7	2021	18.7	35.5	0.0	5.316624
15	7	2021	19.3	35.6	0.0	5.187507
16	7	2021	20.2	35.5	0.0	5.091321
17	7	2021	20.7	34.5	0.0	4.717437
18	7	2021	20.0	35.9	0.0	5.066814
19	7	2021	20.6	35.3	0.0	4.942846
20	7	2021	21.1	34.6	0.0	4.689602
21	7	2021	21.4	33.7	0.0	4.46182
22	7	2021	20.1	36.6	0.0	5.409912
23	7	2021	18.7	36.3	0.0	5.623674
24	7	2021	18.2	35.5	0.0	5.582145
25	7	2021	18.5	36.0	0.0	5.547596
26	7	2021	19.4	36.0	0.0	5.624131
27	7	2021	18.3	36.8	0.0	5.684871
28	7	2021	19.2	36.8	0.0	5.58838
29	7	2021	24.5	35.7	4.4	5.088771
30	7	2021	23.2	34.1	0.0	4.454409
31	7	2021	22.1	29.1	1.6	3.245417
1	8	2021	20.7	35.0	0.0	4.869184
2	8	2021	19.7	34.6	0.0	5.298533
3	8	2021	16.7	35.8	0.0	5.693978
4	8	2021	17.8	36.3	0.0	5.786973
5	8	2021	18.8	36.6	0.0	5.883554
6	8	2021	16.6	36.2	0.0	5.946135
7	8	2021	19.0	36.1	0.0	5.837998
8	8	2021	20.5	36.9	0.0	6.034767
9	8	2021	18.1	37.0	0.0	6.220639
10	8	2021	18.5	37.7	0.0	6.264659
11	8	2021	21.3	37.0	0.0	5.824771
12	8	2021	22.1	37.2	0.0	5.768151
13	8	2021	24.4	36.1	0.0	5.378529
14	8	2021	21.1	35.5	0.0	5.350875
15	8	2021	19.0	37.0	0.0	5.926822
16	8	2021	19.7	34.9	0.0	5.411657
17	8	2021	18.6	37.5	0.0	6.027505
18	8	2021	18.9	37.5	0.0	6.360637
19	8	2021	17.8	36.7	0.0	6.347954
20	8	2021	18.5	37.7	0.0	6.437657
21	8	2021	19.9	37.7	0.0	6.341425
22	8	2021	20.2	38.0	0.0	6.337886
23	8	2021	20.2	37.5	0.0	6.243128
24	8	2021	20.1	36.7	0.0	5.957824
25	8	2021	24.2	36.8	0.0	5.68911
26	8	2021	24.6	37.1	0.0	5.720901
27	8	2021	23.0	36.2	0.0	5.523357
28	8	2021	24.1	38.3	0.0	6.141262
29	8	2021	22.7	37.9	0.0	6.146236
30	8	2021	25.6	36.4	0.0	5.713211
31	8	2021	24.1	36.6	0.0	5.697017
1	9	2021	24.9	32.2	0.0	4.466869
2	9	2021	22.2	33.8	5.0	4.699021
3	9	2021	23.2	36.6	0.0	5.558369
4	9	2021	24.0	36.5	0.0	5.633433
5	9	2021	24.3	38.0	0.0	6.112788
6	9	2021	22.5	36.6	2.4	5.896432
7	9	2021	22.7	35.1	0.2	5.215623
8	9	2021	23.5	36.4	0.0	5.548551
9	9	2021	22.6	35.5	0.0	5.559487
10	9	2021	22.1	34.6	0.0	5.270518
11	9	2021	23.2	36.4	0.0	5.613422
12	9	2021	22.8	32.8	3.6	4.77198
13	9	2021	23.0	37.0	0.0	5.843544
14	9	2021	23.2	35.8	0.0	5.660365
15	9	2021	24.5	32.5	6.8	4.422645
16	9	2021	22.5	36.4	0.0	5.630064
17	9	2021	22.1	36.6	0.0	5.889222
18	9	2021	22.9	35.8	0.0	5.595906
19	9	2021	22.3	35.4	0.0	5.504569
20	9	2021	22.8	36.6	0.0	5.878797
21	9	2021	24.4	37.1	0.0	5.948319
22	9	2021	22.7	34.6	0.0	5.448998
23	9	2021	24.3	36.7	0.0	5.795068
24	9	2021	23.3	35.6	2.2	5.569258
25	9	2021	22.2	35.6	3.8	5.575156
26	9	2021	23.5	35.9	2.4	5.382983
27	9	2021	23.7	33.7	0.4	4.787599
28	9	2021	21.6	29.0	8.2	3.651569
29	9	2021	22.0	34.3	0.0	4.981275
30	9	2021	20.4	34.2	43.8	5.302619
1	10	2021	21.1	32.8	23.6	4.438748
2	10	2021	21.8	27.2	8.4	2.96889
3	10	2021	23.2	33.8	0.2	4.581296
4	10	2021	22.9	34.5	0.0	5.132752
5	10	2021	22.6	36.0	0.0	5.713236
6	10	2021	23.9	35.8	0.0	5.580613
7	10	2021	24.5	35.1	0.0	5.240518
8	10	2021	24.1	33.3	0.0	4.74586
9	10	2021	22.6	34.4	0.0	5.177477
10	10	2021	24.4	34.8	0.0	5.194807
11	10	2021	24.8	36.1	0.0	5.530725
12	10	2021	24.3	35.9	0.0	5.727064
13	10	2021	23.9	33.4	0.0	5.004228
14	10	2021	24.7	34.8	0.0	5.231234
15	10	2021	25.1	33.1	0.0	4.707014
16	10	2021	22.1	35.7	0.0	5.606402
17	10	2021	23.3	35.2	0.0	5.419097
18	10	2021	21.5	27.9	9.2	3.651721
19	10	2021	22.1	32.9	0.0	4.574342
20	10	2021	21.8	35.4	0.0	5.467922
21	10	2021	23.7	35.2	0.0	5.489581
22	10	2021	23.2	28.8	29.0	3.445907
23	10	2021	21.8	26.2	39.0	2.719714
24	10	2021	20.7	34.5	0.2	5.135689
25	10	2021	23.8	34.5	0.0	4.964632
26	10	2021	24.7	28.5	1.0	3.107146
27	10	2021	23.6	34.6	0.4	4.959189
28	10	2021	23.7	33.8	0.6	4.688271
29	10	2021	22.5	33.8	0.0	4.861667
30	10	2021	23.7	32.3	0.0	4.463729
31	10	2021	23.8	34.3	0.0	5.089116
1	11	2021	23.1	33.4	0.0	4.996006
2	11	2021	23.9	31.6	1.0	4.204316
3	11	2021	22.8	33.9	3.6	4.859424
4	11	2021	24.0	32.4	0.0	4.482964
5	11	2021	22.4	33.7	4.0	4.884404
6	11	2021	22.6	32.8	48.2	4.406919
7	11	2021	21.9	25.8	57.6	2.627143
8	11	2021	21.4	33.8	0.0	4.859243
9	11	2021	23.1	28.6	26.2	3.296723
10	11	2021	23.0	28.0	22.4	2.937961
11	11	2021	22.1	33.3	0.0	4.592275
12	11	2021	23.1	33.2	0.0	4.718311
13	11	2021	23.1	33.8	0.0	4.786255
14	11	2021	24.3	32.3	0.2	4.2321
15	11	2021	21.5	32.9	0.0	4.710804
16	11	2021	23.9	32.4	3.4	4.191147
17	11	2021	21.5	32.8	0.0	4.543546
18	11	2021	23.0	34.0	0.0	4.887551
19	11	2021	23.5	34.0	0.0	4.799642
20	11	2021	23.8	32.6	0.4	4.28541
21	11	2021	23.1	29.3	4.2	3.374506
22	11	2021	21.9	34.5	0.0	4.989248
23	11	2021	22.7	33.4	0.2	4.787648
24	11	2021	23.1	34.6	0.0	5.094076
25	11	2021	23.8	35.3	0.0	5.179121
26	11	2021	23.3	34.8	0.0	5.07711
27	11	2021	23.1	32.9	16.8	4.466282
28	11	2021	23.9	33.9	1.8	4.748236
29	11	2021	23.2	33.1	21.4	4.64383
30	11	2021	23.0	33.0	0.2	4.591925
1	12	2021	23.4	34.1	0.0	4.888528
2	12	2021	23.8	33.8	7.4	4.711518
3	12	2021	22.4	31.0	17.2	3.927017
4	12	2021	23.0	29.4	9.0	3.493638
5	12	2021	23.0	32.2	0.0	4.129394
6	12	2021	24.1	34.4	0.0	4.731911
7	12	2021	24.2	33.3	0.2	4.396655
8	12	2021	23.4	30.6	8.6	3.681169
9	12	2021	23.5	33.0	0.6	4.425381
10	12	2021	24.1	29.9	18.4	3.480707
11	12	2021	23.2	32.1	45.2	3.930784
12	12	2021	23.3	31.0	18.2	3.804933
13	12	2021	23.5	33.5	0.0	4.548665
14	12	2021	23.9	34.7	0.0	4.937126
15	12	2021	25.0	34.2	0.0	4.656202
16	12	2021	24.9	32.2	0.0	4.123979
17	12	2021	24.3	33.9	0.0	4.69954
18	12	2021	23.4	33.3	17.4	4.64225
19	12	2021	23.1	30.1	27.0	3.552405
20	12	2021	23.9	33.1	0.0	4.445327
21	12	2021	24.2	30.9	19.6	3.717628
22	12	2021	24.9	33.7	1.2	4.479565
23	12	2021	22.7	32.1	40.0	4.229385
24	12	2021	22.9	32.5	2.0	4.272909
25	12	2021	21.6	28.9	46.4	3.589958
26	12	2021	23.6	28.8	1.6	3.171915
27	12	2021	22.9	29.8	2.6	3.53933
28	12	2021	22.4	29.6	10.2	3.614026
29	12	2021	23.2	31.6	3.8	3.828467
30	12	2021	22.2	32.2	1.4	4.264583
31	12	2021	22.3	25.4	79.6	2.370906
1	1	2022	21.9	31.6	0.2	4.063046
2	1	2022	23.3	32.1	0.2	4.203948
3	1	2022	22.3	25.9	117.2	2.569138
4	1	2022	22.7	31.7	0.0	4.018579
5	1	2022	23.6	31.5	0.4	4.035604
6	1	2022	23.1	31.6	6.4	4.02611
7	1	2022	23.3	33.2	0.2	4.524706
8	1	2022	24.5	31.6	0.2	3.954818
9	1	2022	24.4	31.1	0.2	3.812232
10	1	2022	22.9	29.4	0.0	3.512137
11	1	2022	23.6	32.6	4.4	4.28354
12	1	2022	23.1	27.9	9.0	3.017518
13	1	2022	22.3	32.2	0.0	4.30482
14	1	2022	23.0	33.2	0.2	4.657259
15	1	2022	22.3	29.5	15.8	3.594
16	1	2022	21.9	32.3	4.2	4.328269
17	1	2022	21.9	32.7	50.2	4.479248
18	1	2022	23.9	29.7	0.6	3.548048
19	1	2022	21.4	33.0	0.4	4.63223
20	1	2022	23.4	33.7	0.6	4.78508
21	1	2022	23.3	33.7	0.0	4.709531
22	1	2022	23.4	33.7	0.0	4.738282
23	1	2022	22.1	32.5	4.0	4.574178
24	1	2022	23.6	32.5	0.8	4.464814
25	1	2022	22.8	34.4	0.0	5.069378
26	1	2022	23.6	32.5	0.4	4.404073
27	1	2022	22.4	26.5	11.0	2.821795
28	1	2022	22.1	29.0	4.0	3.46801
29	1	2022	22.7	30.8	14.8	3.97091
30	1	2022	22.0	32.8	0.0	4.625944
31	1	2022	23.7	33.0	0.6	4.405672
1	2	2022	23.0	33.3	4.6	4.656347
2	2	2022	23.6	33.1	1.2	4.48166
3	2	2022	23.0	31.4	0.0	4.082469
4	2	2022	23.3	33.3	0.0	4.595935
5	2	2022	23.3	31.1	0.0	4.14083
6	2	2022	22.6	33.5	0.4	4.730952
7	2	2022	22.3	32.9	7.4	4.573611
8	2	2022	23.8	34.1	0.0	4.862019
9	2	2022	24.0	31.5	5.2	4.003754
10	2	2022	22.9	32.7	3.6	4.40048
11	2	2022	22.7	32.6	0.6	4.584284
12	2	2022	23.6	33.1	1.4	4.589169
13	2	2022	23.4	30.2	1.4	3.800235
14	2	2022	22.7	32.5	21.2	4.364556
15	2	2022	22.4	33.1	7.2	4.403356
16	2	2022	21.4	27.8	37.6	3.157679
17	2	2022	21.1	32.6	51.0	4.429833
18	2	2022	21.8	33.2	1.2	4.708667
19	2	2022	22.8	28.9	16.2	3.525771
20	2	2022	22.3	33.1	6.6	4.540259
21	2	2022	22.2	33.4	3.8	4.822211
22	2	2022	23.0	31.8	4.6	4.133147
23	2	2022	23.2	32.8	6.2	4.30847
24	2	2022	23.1	31.1	5.4	3.98088
25	2	2022	23.7	31.7	4.6	3.930203
26	2	2022	22.4	32.5	0.0	4.316045
27	2	2022	22.2	32.6	2.2	4.463483
28	2	2022	22.8	32.5	2.8	4.449177
1	3	2022	23.5	29.4	7.8	3.49288
2	3	2022	22.5	30.4	0.6	3.963586
3	3	2022	22.7	31.3	15.2	3.969233
4	3	2022	22.4	31.6	0.0	4.141581
5	3	2022	21.9	31.6	15.2	4.161739
6	3	2022	21.7	32.6	0.4	4.41066
7	3	2022	22.8	32.2	11.8	4.233772
8	3	2022	22.9	33.2	0.6	4.566979
9	3	2022	24.6	33.5	2.2	4.434606
10	3	2022	22.4	31.4	36.2	3.932097
11	3	2022	22.5	29.9	20.2	3.50566
12	3	2022	22.5	33.1	0.6	4.44934
13	3	2022	22.7	33.1	0.0	4.642037
14	3	2022	22.3	31.7	3.4	4.238306
15	3	2022	23.3	30.9	0.0	3.931362
16	3	2022	21.7	32.1	42.4	4.374416
17	3	2022	23.5	33.1	0.4	4.535123
18	3	2022	23.3	30.6	3.0	3.705028
19	3	2022	22.7	31.7	31.2	4.102885
20	3	2022	23.3	31.7	14.8	3.947467
21	3	2022	23.0	32.9	0.8	4.371557
22	3	2022	22.2	27.5	12.8	3.085238
23	3	2022	23.6	31.9	3.6	3.965343
24	3	2022	23.3	32.0	12.4	4.152601
25	3	2022	22.8	32.9	0.4	4.425135
26	3	2022	23.6	33.0	0.2	4.332202
27	3	2022	23.6	32.2	2.2	4.102502
28	3	2022	22.0	31.5	26.0	3.984844
29	3	2022	22.1	29.4	121.0	3.483051
30	3	2022	22.2	32.3	16.0	4.1302
31	3	2022	23.6	30.2	1.0	3.583271
1	4	2022	23.0	33.0	0.2	4.319263
2	4	2022	23.0	34.0	6.0	4.660484
3	4	2022	22.7	30.9	6.0	3.745069
4	4	2022	23.4	32.3	19.8	3.942497
5	4	2022	24.4	31.2	3.4	3.600124
6	4	2022	23.0	32.0	0.8	4.052544
7	4	2022	22.8	32.1	0.0	4.253485
8	4	2022	23.7	33.1	0.0	4.375953
9	4	2022	22.8	32.1	7.8	4.051542
10	4	2022	22.5	32.2	6.0	4.084713
11	4	2022	23.0	32.8	3.0	4.194724
12	4	2022	23.8	34.1	0.0	4.601905
13	4	2022	24.3	33.6	9.2	4.312231
14	4	2022	23.5	33.5	0.0	4.485027
15	4	2022	23.9	33.7	0.0	4.476586
16	4	2022	24.5	33.2	0.0	4.289617
17	4	2022	21.4	30.0	28.2	3.642592
18	4	2022	23.7	32.3	0.4	3.985724
19	4	2022	23.4	32.0	2.4	3.936007
20	4	2022	23.4	31.6	1.2	3.778097
21	4	2022	23.5	33.9	0.0	4.451338
22	4	2022	23.3	32.7	0.6	4.099818
23	4	2022	22.6	29.2	10.2	3.288049
24	4	2022	22.4	31.8	0.0	4.053955
25	4	2022	21.8	34.0	0.0	4.68977
26	4	2022	22.8	33.6	0.0	4.621414
27	4	2022	23.9	34.7	0.0	4.805947
28	4	2022	22.7	34.1	0.0	4.622402
29	4	2022	22.5	33.7	0.0	4.573628
30	4	2022	22.9	33.6	0.0	4.513867
1	5	2022	23.5	34.7	0.0	4.73567
2	5	2022	22.2	34.9	0.0	4.869134
3	5	2022	23.3	33.6	0.0	4.347382
4	5	2022	22.9	32.5	20.4	3.923989
5	5	2022	22.6	33.2	4.2	4.162337
6	5	2022	22.4	34.0	0.0	4.460917
7	5	2022	22.4	32.9	1.4	4.086581
8	5	2022	21.9	32.6	0.0	4.103978
9	5	2022	23.5	31.4	0.0	3.661142
10	5	2022	21.5	33.2	0.0	4.315901
11	5	2022	22.2	33.2	0.0	4.239126
12	5	2022	23.7	33.6	0.0	4.302606
13	5	2022	24.1	33.8	0.2	4.13857
14	5	2022	23.8	34.1	0.0	4.299966
15	5	2022	23.7	33.5	0.0	4.057828
16	5	2022	23.9	33.8	0.0	4.161855
17	5	2022	22.1	33.5	0.0	4.266743
18	5	2022	22.4	34.0	0.0	4.224663
19	5	2022	21.9	30.6	0.0	4.071239
20	5	2022	21.3	30.0	0.0	3.885851
21	5	2022	20.7	31.5	0.0	4.011299
22	5	2022	22.6	32.1	3.4	3.840546
23	5	2022	22.6	34.0	5.6	4.221513
24	5	2022	23.8	32.4	0.2	3.924542
25	5	2022	20.6	33.3	0.0	4.529666
26	5	2022	21.6	32.9	0.0	4.322558
27	5	2022	22.2	32.9	0.0	4.277189
28	5	2022	20.6	34.3	0.0	4.691866
29	5	2022	20.8	33.7	0.0	4.617124
30	5	2022	24.1	34.8	0.0	4.600202
31	5	2022	21.8	33.2	0.8	4.143163
1	6	2022	22.7	32.3	0.2	3.859415
2	6	2022	23.3	32.9	2.2	4.049494
3	6	2022	21.6	34.4	1.2	4.449137
4	6	2022	23.5	31.3	0.0	3.549462
5	6	2022	22.6	32.8	0.0	3.982538
6	6	2022	23.3	33.1	0.0	4.161893
7	6	2022	22.9	33.4	0.0	4.317284
8	6	2022	19.9	34.1	0.0	4.504662
9	6	2022	20.8	33.8	0.0	4.422551
10	6	2022	21.0	34.1	0.0	4.411665
11	6	2022	22.6	34.2	0.0	4.234479
12	6	2022	22.7	34.1	0.2	4.203395
13	6	2022	21.5	30.4	62.4	3.288959
14	6	2022	21.6	32.7	1.4	3.701956
15	6	2022	20.9	32.1	0.0	3.899853
16	6	2022	20.3	33.6	0.0	4.338242
17	6	2022	20.5	33.8	0.0	4.439241
18	6	2022	20.8	34.6	0.0	4.67349
19	6	2022	20.8	34.0	0.0	4.510587
20	6	2022	20.8	33.3	0.0	4.351955
21	6	2022	19.5	33.4	0.0	4.432177
22	6	2022	21.9	32.3	0.0	4.106686
23	6	2022	19.5	33.9	0.0	4.620982
24	6	2022	20.0	34.2	0.0	4.708927
25	6	2022	21.4	34.3	0.0	4.654939
26	6	2022	19.2	34.1	0.0	4.8199
27	6	2022	18.0	33.6	0.0	4.72111
28	6	2022	20.1	34.1	0.0	4.728569
29	6	2022	20.6	34.0	0.0	4.623694
30	6	2022	21.1	34.7	0.0	4.708063
1	7	2022	20.7	33.9	1.6	4.362747
2	7	2022	20.6	33.7	1.2	4.350913
3	7	2022	21.7	33.3	0.0	4.588491
4	7	2022	19.8	32.8	0.0	4.618522
5	7	2022	22.9	33.9	0.0	4.657371
6	7	2022	23.0	34.4	0.0	4.75246
7	7	2022	20.8	34.6	0.0	4.887025
8	7	2022	24.4	32.6	0.0	4.348662
9	7	2022	19.9	35.0	0.0	4.933849
10	7	2022	18.5	34.2	0.0	4.940017
11	7	2022	21.5	34.2	0.0	4.98073
12	7	2022	19.4	35.9	0.0	5.199778
13	7	2022	20.9	35.0	0.0	4.906872
14	7	2022	21.2	33.3	0.0	4.53571
15	7	2022	19.8	34.8	0.0	4.981623
16	7	2022	19.7	35.9	0.0	5.340934
17	7	2022	18.6	35.6	0.0	5.318775
18	7	2022	20.3	35.3	0.0	5.185413
19	7	2022	19.6	34.8	0.0	5.187153
20	7	2022	19.0	35.4	0.0	5.338531
21	7	2022	19.3	34.6	0.0	5.222035
22	7	2022	17.7	34.3	0.0	5.116739
23	7	2022	18.6	34.8	1.0	5.229493
24	7	2022	19.0	36.2	0.0	5.496456
25	7	2022	20.3	35.7	0.0	5.420988
26	7	2022	19.8	35.7	0.0	5.496144
27	7	2022	18.9	35.1	0.0	5.528151
28	7	2022	19.5	36.1	0.0	5.592288
29	7	2022	19.6	36.6	0.0	5.620079
30	7	2022	20.2	36.8	1.0	5.44826
31	7	2022	22.6	33.5	0.0	4.41148
1	8	2022	22.1	34.1	2.2	4.518483
2	8	2022	20.2	35.8	0.0	5.372122
3	8	2022	17.6	35.3	0.0	5.401519
4	8	2022	19.6	35.6	0.0	5.32187
5	8	2022	20.7	35.0	0.0	5.215703
6	8	2022	23.0	36.3	0.0	5.458343
7	8	2022	20.3	35.4	0.0	5.287535
8	8	2022	18.7	37.0	0.0	5.882625
9	8	2022	18.2	37.1	0.0	6.054413
10	8	2022	18.5	36.3	0.0	5.81572
11	8	2022	20.2	36.2	0.0	5.642373
12	8	2022	20.5	34.0	0.0	5.003414
13	8	2022	22.0	33.8	0.0	4.782049
14	8	2022	19.1	35.3	0.0	5.449949
15	8	2022	17.9	36.0	0.0	5.919915
16	8	2022	17.8	36.8	0.0	6.19662
17	8	2022	18.0	36.7	0.0	6.218659
18	8	2022	19.3	36.6	0.0	6.05745
19	8	2022	21.1	37.4	0.0	6.074317
20	8	2022	20.4	37.4	0.0	6.197054
21	8	2022	18.7	36.1	0.0	6.231942
22	8	2022	17.3	36.5	0.0	6.342739
23	8	2022	20.2	37.1	0.0	6.304969
24	8	2022	21.1	36.6	0.0	5.975631
25	8	2022	20.8	36.2	0.0	5.664531
26	8	2022	22.1	36.0	0.0	5.676206
27	8	2022	18.3	37.4	0.0	6.417587
28	8	2022	18.6	37.5	0.0	6.531583
29	8	2022	17.4	37.8	0.0	6.679768
30	8	2022	18.9	36.1	0.0	6.051955
31	8	2022	21.2	36.6	0.0	6.08191
1	9	2022	19.0	36.9	0.0	6.410989
2	9	2022	17.9	37.9	0.0	6.784624
3	9	2022	21.2	37.1	0.0	6.455993
4	9	2022	20.0	38.0	0.0	6.572928
5	9	2022	20.7	38.5	0.0	6.603459
6	9	2022	21.6	37.7	0.0	6.434875
7	9	2022	21.2	37.9	0.0	6.552356
8	9	2022	21.3	36.5	0.0	6.17329
9	9	2022	20.3	36.7	0.0	6.158904
10	9	2022	19.9	37.0	0.0	6.301518
11	9	2022	19.4	38.4	0.0	6.720852
12	9	2022	23.5	34.7	0.0	5.396208
13	9	2022	22.1	35.6	0.2	5.554919
14	9	2022	22.2	37.1	0.0	6.01689
15	9	2022	22.0	37.0	0.0	6.081556
16	9	2022	24.4	37.5	1.0	6.058579
17	9	2022	22.5	36.5	0.0	5.815975
18	9	2022	24.0	36.0	0.0	5.78283
19	9	2022	21.1	37.3	0.0	6.308867
20	9	2022	22.5	37.2	0.0	6.232436
21	9	2022	22.7	36.9	0.0	6.147848
22	9	2022	23.6	35.9	0.0	5.849583
23	9	2022	22.3	37.5	0.0	6.353609
24	9	2022	23.6	33.0	0.0	4.846685
25	9	2022	20.8	33.5	0.0	5.157599
26	9	2022	22.8	36.4	0.0	5.995211
27	9	2022	21.8	37.5	0.0	6.542889
28	9	2022	21.7	36.3	0.0	6.142329
29	9	2022	23.0	37.2	0.0	6.183916
30	9	2022	21.5	36.6	0.0	6.262062
1	10	2022	23.9	37.2	0.0	6.348793
2	10	2022	21.2	38.5	0.0	6.798108
3	10	2022	24.7	37.3	0.0	6.279058
4	10	2022	23.6	34.3	0.0	5.533153
5	10	2022	21.4	39.0	0.0	6.787797
6	10	2022	25.0	36.1	0.0	5.909165
7	10	2022	23.7	37.9	0.0	6.492192
8	10	2022	23.4	37.0	0.0	6.344139
9	10	2022	21.2	36.5	32.6	5.941462
10	10	2022	24.0	33.5	0.0	4.563396
11	10	2022	23.5	35.3	0.0	5.558734
12	10	2022	22.7	38.2	0.0	6.548401
13	10	2022	22.6	37.4	0.0	6.403115
14	10	2022	25.2	37.9	0.2	6.257359
15	10	2022	25.3	36.9	0.0	6.130393
16	10	2022	25.2	36.4	0.0	5.902036
17	10	2022	22.6	36.0	0.0	5.966909
18	10	2022	24.0	36.4	0.0	6.039555
19	10	2022	24.9	37.1	0.0	6.238278
20	10	2022	25.1	37.5	0.0	6.307984
21	10	2022	24.6	36.3	0.0	5.94826
22	10	2022	25.9	33.1	0.0	4.919917
23	10	2022	26.2	37.0	0.0	5.886603
24	10	2022	25.9	36.2	0.0	5.713894
25	10	2022	23.7	32.9	18.8	4.751858
26	10	2022	23.5	32.7	0.0	4.546576
27	10	2022	23.1	34.8	0.8	5.328675
28	10	2022	23.4	35.7	0.0	5.815124
29	10	2022	23.3	37.7	0.0	6.449259
30	10	2022	24.4	36.3	0.0	5.956969
31	10	2022	25.8	38.3	0.0	6.444469
1	11	2022	23.5	33.5	4.2	5.212022
2	11	2022	22.4	35.1	0.0	5.359918
3	11	2022	22.3	35.4	7.2	5.739174
4	11	2022	22.8	27.8	47.6	3.23469
5	11	2022	22.4	32.6	0.0	4.628588
6	11	2022	22.0	30.4	66.2	3.983675
7	11	2022	22.9	33.4	8.6	4.71558
8	11	2022	22.5	29.2	15.6	3.501886
9	11	2022	22.5	30.7	2.0	3.989953
10	11	2022	23.0	34.5	0.0	5.195895
11	11	2022	21.9	34.9	0.0	5.385776
12	11	2022	22.6	33.9	21.8	4.923881
13	11	2022	22.3	33.9	6.2	4.774411
14	11	2022	23.4	34.4	0.0	5.025856
15	11	2022	23.5	33.0	7.6	4.573626
16	11	2022	23.3	33.8	0.0	4.745849
17	11	2022	23.3	34.4	0.0	5.099909
18	11	2022	23.7	29.1	0.0	3.682294
19	11	2022	21.4	32.0	37.0	4.544304
20	11	2022	22.1	33.4	29.6	4.693072
21	11	2022	22.3	34.1	9.6	4.982821
22	11	2022	22.4	33.7	0.0	4.993107
23	11	2022	22.9	34.1	0.0	5.04
24	11	2022	24.8	33.1	0.0	4.592557
25	11	2022	21.7	30.0	58.8	3.722313
26	11	2022	23.2	31.2	1.0	3.912172
27	11	2022	22.1	32.7	6.6	4.594897
28	11	2022	21.6	30.0	86.0	3.795898
29	11	2022	21.9	29.2	12.6	3.534924
30	11	2022	21.5	30.8	0.8	4.030282
1	12	2022	23.3	31.7	8.4	4.04874
2	12	2022	23.8	31.2	1.2	3.740658
3	12	2022	23.0	30.0	6.6	3.529159
4	12	2022	22.7	29.4	0.2	3.517708
5	12	2022	23.4	29.8	2.4	3.523715
6	12	2022	20.8	32.7	0.0	4.556992
7	12	2022	22.1	34.5	0.0	5.102914
8	12	2022	22.0	33.9	0.0	5.047833
9	12	2022	23.1	32.5	10.6	4.476808
10	12	2022	22.3	33.9	2.0	4.859419
11	12	2022	23.1	33.4	0.0	4.62245
12	12	2022	23.5	33.2	1.2	4.512872
13	12	2022	22.3	33.9	0.0	4.923405
14	12	2022	22.7	33.5	0.0	4.978707
15	12	2022	23.7	33.6	0.0	4.677193
16	12	2022	24.1	33.8	0.6	4.75531
17	12	2022	24.4	28.1	1.8	3.139484
18	12	2022	23.1	34.5	0.0	4.903384
19	12	2022	23.7	33.7	0.4	4.746696
20	12	2022	24.0	33.5	0.0	4.763136
21	12	2022	22.7	32.5	2.0	4.55996
22	12	2022	23.8	30.8	8.0	3.909409
23	12	2022	23.7	31.6	0.8	4.023017
24	12	2022	23.0	30.0	0.2	3.754988
25	12	2022	23.4	33.0	5.0	4.36102
26	12	2022	23.1	31.7	40.8	3.892561
27	12	2022	22.6	32.3	2.8	4.315379
28	12	2022	22.0	28.3	52.2	3.303737
29	12	2022	22.3	32.3	0.0	4.329014
30	12	2022	22.9	31.5	6.0	4.142857
31	12	2022	21.7	31.4	18.4	4.160591
1	1	2023	22.4	32.6	1.8	4.452843
2	1	2023	23.2	33.4	0.0	4.668562
3	1	2023	22.0	32.9	8.6	4.652849
4	1	2023	22.5	33.7	0.0	4.831319
5	1	2023	21.9	32.9	15.8	4.55269
6	1	2023	22.3	31.7	0.0	4.19813
7	1	2023	23.4	31.0	0.0	3.969042
8	1	2023	23.6	32.6	3.4	4.300364
9	1	2023	21.3	31.7	0.8	4.433277
10	1	2023	23.6	31.2	0.4	4.065791
11	1	2023	23.5	30.2	0.0	3.818064
12	1	2023	22.6	33.6	0.0	4.799399
13	1	2023	24.4	32.2	2.6	4.208842
14	1	2023	22.9	27.8	12.6	2.997075
15	1	2023	22.7	32.7	3.2	4.232684
16	1	2023	21.4	31.1	0.0	4.117538
17	1	2023	20.9	32.4	1.8	4.606969
18	1	2023	22.3	29.3	0.8	3.555707
19	1	2023	20.9	30.5	7.6	3.978638
20	1	2023	20.4	33.6	0.4	4.944237
21	1	2023	22.2	33.8	2.0	4.923341
22	1	2023	21.6	32.8	0.4	4.689192
23	1	2023	23.0	33.1	3.4	4.475284
24	1	2023	22.8	32.3	9.2	4.318195
25	1	2023	21.8	33.0	47.6	4.66088
26	1	2023	22.2	33.0	0.0	4.592898
27	1	2023	22.7	31.8	8.6	4.245328
28	1	2023	21.6	31.0	0.4	4.158571
29	1	2023	22.3	33.8	0.0	4.929882
30	1	2023	22.8	32.7	0.0	4.669286
31	1	2023	22.0	33.7	0.0	4.994489
1	2	2023	23.2	31.3	13.2	4.165025
2	2	2023	22.7	30.7	0.2	3.905555
3	2	2023	22.6	32.2	0.0	4.542763
4	2	2023	22.5	33.5	0.0	4.933783
5	2	2023	22.8	33.0	4.6	4.625781
6	2	2023	22.0	33.6	1.8	4.824958
7	2	2023	22.3	30.8	0.4	4.006952
8	2	2023	22.3	31.8	1.8	4.27446
9	2	2023	22.7	33.7	0.0	4.856847
10	2	2023	22.0	34.3	0.0	5.236693
11	2	2023	23.8	33.9	0.0	4.935238
12	2	2023	23.1	33.9	0.0	5.103757
13	2	2023	22.3	34.7	6.0	5.143393
14	2	2023	23.3	33.9	0.0	4.832857
15	2	2023	23.9	32.2	0.6	4.384627
16	2	2023	23.7	34.1	1.4	4.864081
17	2	2023	22.7	33.9	0.0	4.889155
18	2	2023	22.6	30.4	31.2	3.901121
19	2	2023	22.9	32.0	8.8	4.219153
20	2	2023	21.8	31.8	27.6	4.238281
21	2	2023	22.7	33.3	0.4	4.655487
22	2	2023	20.9	28.2	17.8	3.473484
23	2	2023	22.5	28.6	6.0	3.376968
24	2	2023	21.8	33.4	0.2	4.670361
25	2	2023	24.2	32.0	3.0	4.212697
26	2	2023	23.2	33.1	2.0	4.515923
27	2	2023	22.6	32.2	13.4	4.210746
28	2	2023	22.5	33.3	0.2	4.553808
1	3	2023	23.8	33.6	0.0	4.688721
2	3	2023	23.1	33.5	0.0	4.854222
3	3	2023	24.0	33.4	0.0	4.643252
4	3	2023	22.5	32.8	0.0	4.613124
5	3	2023	23.2	33.9	11.6	4.743682
6	3	2023	23.4	32.5	6.4	4.296542
7	3	2023	23.7	32.6	4.0	4.29786
8	3	2023	22.3	30.3	15.6	3.819588
9	3	2023	23.5	33.7	11.8	4.564367
10	3	2023	23.5	32.9	0.2	4.575832
11	3	2023	22.6	32.3	29.2	4.346399
12	3	2023	23.1	33.3	0.2	4.504911
13	3	2023	21.1	28.3	78.0	3.357384
14	3	2023	23.7	29.7	1.8	3.339551
15	3	2023	21.3	27.9	34.6	3.266311
16	3	2023	23.1	32.6	2.4	4.339563
17	3	2023	21.5	27.5	39.4	3.161301
18	3	2023	21.1	31.9	21.2	4.292002
19	3	2023	22.0	26.3	62.4	2.791813
20	3	2023	22.5	31.7	4.6	4.013149
21	3	2023	22.4	26.4	44.6	2.663008
22	3	2023	21.7	30.6	0.0	3.847906
23	3	2023	22.4	31.0	17.4	3.872619
24	3	2023	21.3	29.9	68.2	3.576339
25	3	2023	22.4	32.0	0.2	4.062817
26	3	2023	23.1	31.5	0.4	3.979481
27	3	2023	23.1	31.0	6.2	3.793407
28	3	2023	23.5	29.8	22.6	3.325642
29	3	2023	22.6	33.0	0.6	4.413868
30	3	2023	23.8	32.6	0.2	4.39058
31	3	2023	24.1	31.6	5.2	3.871631
1	4	2023	22.4	31.7	48.0	4.010804
2	4	2023	23.2	31.6	0.2	4.028479
3	4	2023	22.5	29.2	0.4	3.521305
4	4	2023	23.8	33.0	0.6	4.419538
5	4	2023	23.4	32.6	0.0	4.358989
6	4	2023	22.9	31.7	4.6	4.120191
7	4	2023	22.7	30.7	1.6	3.767424
8	4	2023	22.9	32.3	26.8	3.987154
9	4	2023	23.6	31.9	0.0	3.845885
10	4	2023	22.6	33.8	15.0	4.32428
11	4	2023	22.5	31.7	0.6	3.82249
12	4	2023	22.5	32.8	1.4	4.252701
13	4	2023	23.8	32.0	3.0	3.887811
14	4	2023	23.0	33.2	0.0	4.373915
15	4	2023	23.7	34.9	0.0	4.692671
16	4	2023	24.3	32.2	0.0	4.014785
17	4	2023	23.5	34.5	0.0	4.593686
18	4	2023	25.2	29.9	0.2	3.286212
19	4	2023	24.5	29.2	0.0	3.109266
20	4	2023	23.0	33.9	9.8	4.281794
21	4	2023	23.0	33.1	0.0	4.23817
22	4	2023	22.6	33.4	0.0	4.298948
23	4	2023	21.1	33.5	5.6	4.603343
24	4	2023	21.1	33.7	0.0	4.665401
25	4	2023	22.2	32.1	0.0	4.139738
26	4	2023	20.3	34.6	0.0	4.928661
27	4	2023	24.5	34.3	0.2	4.443436
28	4	2023	23.3	34.8	0.0	4.731438
29	4	2023	23.2	34.0	0.2	4.436946
30	4	2023	22.7	35.0	0.0	4.574106
1	5	2023	23.7	32.6	0.0	3.969446
2	5	2023	23.3	33.0	0.0	4.100034
3	5	2023	24.0	31.6	5.2	3.610606
4	5	2023	22.9	33.9	2.0	4.237511
5	5	2023	23.5	33.6	7.2	4.055393
6	5	2023	22.2	33.7	0.2	4.241581
7	5	2023	23.8	34.2	0.2	4.359115
8	5	2023	22.2	34.4	0.0	4.636901
9	5	2023	22.0	35.0	0.0	4.827036
10	5	2023	22.5	35.3	0.0	4.8385
11	5	2023	23.9	32.5	11.6	3.823887
12	5	2023	24.0	33.1	0.0	3.944523
13	5	2023	23.5	33.6	0.0	4.126949
14	5	2023	23.9	33.1	4.2	3.858501
15	5	2023	24.2	31.2	0.4	3.347008
16	5	2023	23.8	30.1	0.0	3.087733
17	5	2023	25.0	32.5	0.2	3.532218
18	5	2023	23.3	30.0	0.0	3.183095
19	5	2023	22.7	34.1	0.4	4.201403
20	5	2023	22.8	33.5	0.0	4.206765
21	5	2023	24.7	33.6	0.0	4.250439
22	5	2023	22.7	34.2	0.0	4.512778
23	5	2023	22.4	34.7	0.0	4.619207
24	5	2023	22.4	34.3	0.0	4.497789
25	5	2023	22.6	33.5	0.0	4.275964
26	5	2023	21.7	34.7	0.0	4.6874
27	5	2023	22.3	34.4	0.0	4.512874
28	5	2023	22.4	35.4	0.0	4.672568
29	5	2023	23.1	34.5	0.0	4.511307
30	5	2023	23.0	34.9	0.0	4.583879
31	5	2023	23.6	33.9	0.0	4.350657
1	6	2023	21.1	35.7	0.0	4.900201
2	6	2023	21.8	35.5	0.0	4.761932
3	6	2023	22.4	35.2	0.0	4.687962
4	6	2023	22.1	34.8	0.0	4.667132
5	6	2023	20.5	34.5	0.0	4.748043
6	6	2023	20.2	34.7	0.0	4.789338
7	6	2023	21.7	34.2	0.0	4.522207
8	6	2023	20.7	34.8	0.0	4.70387
9	6	2023	21.4	35.2	0.0	4.711459
10	6	2023	21.5	34.5	0.0	4.545237
11	6	2023	22.0	34.1	1.4	4.242136
12	6	2023	22.0	34.4	0.2	4.379542
13	6	2023	21.0	34.3	0.0	4.554015
14	6	2023	21.2	34.7	0.0	4.632929
15	6	2023	21.0	35.4	0.0	4.87992
16	6	2023	23.9	35.5	0.0	4.773236
17	6	2023	24.1	34.0	0.0	4.443773
18	6	2023	21.3	35.2	0.0	4.727522
19	6	2023	21.8	33.2	0.0	4.290784
20	6	2023	23.0	34.1	0.0	4.470384
21	6	2023	21.7	34.4	0.0	4.653569
22	6	2023	20.9	34.3	0.0	4.694773
23	6	2023	20.3	34.8	0.0	4.963622
24	6	2023	19.3	34.6	0.0	4.925236
25	6	2023	21.1	34.6	0.0	4.841013
26	6	2023	20.7	35.2	0.0	4.995915
27	6	2023	20.6	35.0	0.0	4.989351
28	6	2023	20.5	35.4	0.0	4.992505
29	6	2023	22.0	35.4	0.0	4.90985
30	6	2023	20.9	35.4	0.0	4.987033
1	7	2023	21.6	34.6	0.0	4.759734
2	7	2023	20.2	34.6	0.0	4.840753
3	7	2023	20.0	36.1	0.0	5.116405
4	7	2023	20.3	35.7	0.0	5.017706
5	7	2023	21.3	35.1	0.0	5.007539
6	7	2023	19.0	34.7	0.0	5.088109
7	7	2023	19.8	34.8	0.0	4.937869
8	7	2023	20.3	34.4	0.0	4.699637
9	7	2023	21.2	36.1	0.0	4.991791
10	7	2023	22.4	35.9	0.0	4.771706
11	7	2023	22.0	35.3	0.0	4.713932
12	7	2023	21.1	35.9	0.0	5.039389
13	7	2023	22.1	34.8	0.0	4.777831
14	7	2023	21.9	36.3	0.0	5.061611
15	7	2023	22.9	35.0	0.0	4.757664
16	7	2023	20.7	35.1	0.0	5.000105
17	7	2023	19.1	36.2	0.0	5.404815
18	7	2023	18.7	35.5	0.0	5.416476
19	7	2023	19.2	36.0	0.0	5.472177
20	7	2023	19.4	35.7	0.0	5.471817
21	7	2023	16.5	34.7	0.0	5.612251
22	7	2023	18.1	34.9	0.0	5.47192
23	7	2023	16.9	35.2	0.0	5.561899
24	7	2023	17.4	35.3	0.0	5.517892
25	7	2023	19.1	36.0	0.0	5.621298
26	7	2023	18.2	36.0	0.0	5.576912
27	7	2023	19.5	36.1	0.0	5.523811
28	7	2023	20.1	35.7	0.0	5.370885
29	7	2023	19.6	37.1	0.0	5.726759
30	7	2023	20.5	36.2	0.0	5.469483
31	7	2023	21.7	35.8	0.0	5.191399
1	8	2023	20.6	36.5	0.0	5.610401
2	8	2023	18.9	36.3	0.0	5.741698
3	8	2023	19.1	36.6	0.0	5.794627
4	8	2023	21.8	36.9	0.0	5.655567
5	8	2023	24.0	36.0	0.0	5.232865
6	8	2023	20.8	37.3	0.0	5.76781
7	8	2023	21.1	36.7	0.0	5.623253
8	8	2023	21.5	37.0	0.0	5.697392
9	8	2023	23.7	36.0	0.0	5.308653
10	8	2023	21.1	36.1	0.0	5.617915
11	8	2023	20.1	37.3	0.0	6.039453
12	8	2023	19.1	37.3	0.0	6.152386
13	8	2023	19.5	36.4	0.0	5.860065
14	8	2023	18.4	36.4	0.0	5.986872
15	8	2023	17.3	36.9	0.0	6.287683
16	8	2023	18.0	36.7	0.0	6.211639
17	8	2023	20.0	37.8	0.0	6.327006
18	8	2023	19.4	37.8	0.0	6.468597
19	8	2023	19.8	37.4	0.0	6.142613
20	8	2023	20.9	36.9	0.0	5.895487
21	8	2023	20.1	37.4	0.0	6.006827
22	8	2023	25.3	36.7	0.0	5.480247
23	8	2023	24.8	35.8	0.0	5.325663
24	8	2023	21.1	37.3	0.0	6.061732
25	8	2023	24.1	36.8	0.0	5.88283
26	8	2023	23.8	36.0	0.0	5.618225
27	8	2023	21.6	36.5	0.0	5.726758
28	8	2023	23.1	37.5	0.0	5.968924
29	8	2023	23.1	37.4	0.4	5.937437
30	8	2023	23.2	36.2	0.0	5.567812
31	8	2023	22.9	35.9	0.0	5.447564
1	9	2023	24.0	34.8	0.0	5.135394
2	9	2023	23.3	32.9	0.0	4.685836
3	9	2023	21.6	36.6	0.0	5.73013
4	9	2023	22.6	38.0	0.0	6.342907
5	9	2023	22.6	38.1	0.0	6.390161
6	9	2023	21.8	35.6	3.0	5.629752
7	9	2023	23.9	36.6	0.0	5.616333
8	9	2023	20.5	36.6	0.0	6.105272
9	9	2023	20.2	38.3	0.0	6.58202
10	9	2023	23.1	38.8	0.0	6.679572
11	9	2023	21.0	38.1	0.0	6.591139
12	9	2023	23.7	37.4	0.0	6.27991
13	9	2023	20.8	39.4	0.0	6.97939
14	9	2023	22.0	35.9	0.0	5.959989
15	9	2023	23.1	38.5	0.0	6.46238
16	9	2023	24.9	37.4	0.0	6.13044
17	9	2023	24.7	37.6	0.0	6.224254
18	9	2023	22.2	37.3	0.0	6.383386
19	9	2023	22.8	38.2	0.0	6.581642
20	9	2023	23.4	37.4	1.4	6.060172
21	9	2023	24.1	38.8	0.0	6.570522
22	9	2023	24.9	38.3	0.0	6.482617
23	9	2023	25.4	37.9	0.0	6.30431
24	9	2023	24.8	38.6	0.0	6.342198
25	9	2023	24.4	39.0	0.0	6.59256
26	9	2023	25.8	35.8	0.0	5.726507
27	9	2023	24.9	38.1	0.2	6.312639
28	9	2023	25.3	36.6	0.0	5.789317
29	9	2023	24.6	38.4	0.0	6.361327
30	9	2023	23.9	37.4	0.0	6.411862
1	10	2023	25.6	38.0	0.0	6.334124
2	10	2023	26.4	38.5	0.0	6.409847
3	10	2023	26.5	39.6	0.0	6.681468
4	10	2023	25.3	36.8	0.0	6.137967
5	10	2023	24.1	37.5	0.0	6.30398
6	10	2023	25.7	36.5	0.0	5.848864
7	10	2023	23.3	35.2	0.0	5.686991
8	10	2023	23.6	34.4	0.0	5.310624
9	10	2023	23.0	35.7	0.0	5.543564
10	10	2023	23.4	36.2	0.0	5.825877
11	10	2023	24.3	34.5	0.0	5.351581
12	10	2023	24.8	36.9	0.0	5.986482
13	10	2023	24.1	38.1	0.0	6.381766
14	10	2023	23.9	38.0	12.8	6.103466
15	10	2023	22.7	36.8	0.0	6.060873
16	10	2023	23.0	35.6	9.0	5.482578
17	10	2023	23.8	35.4	2.6	5.312856
18	10	2023	22.5	36.8	0.0	5.872048
19	10	2023	24.1	37.7	0.0	6.42709
20	10	2023	25.0	38.2	0.0	6.475048
21	10	2023	24.5	36.0	0.0	5.809504
22	10	2023	26.2	35.7	0.0	5.521114
23	10	2023	26.3	36.5	0.0	5.786256
24	10	2023	23.8	29.3	25.2	3.649456
25	10	2023	23.9	35.3	0.0	5.153073
26	10	2023	25.3	37.5	0.0	6.169829
27	10	2023	24.4	37.0	0.0	6.143102
28	10	2023	26.2	36.8	0.0	5.985104
29	10	2023	26.9	35.5	0.0	5.461563
30	10	2023	24.1	36.6	0.0	5.880911
31	10	2023	24.2	37.5	0.2	6.002782
1	11	2023	26.1	33.2	0.0	4.956779
2	11	2023	23.7	37.7	0.0	6.253045
3	11	2023	25.2	35.7	0.0	5.660919
4	11	2023	24.2	36.0	0.0	5.694886
5	11	2023	22.6	35.7	0.2	5.513961
6	11	2023	22.4	30.9	0.2	4.217519
7	11	2023	22.9	34.1	0.2	4.873546
8	11	2023	22.0	29.1	0.4	3.70834
9	11	2023	23.2	34.2	0.8	4.826497
10	11	2023	24.9	35.1	0.6	5.171654
11	11	2023	24.8	34.7	1.2	5.301551
12	11	2023	23.3	35.5	2.8	5.550231
13	11	2023	24.7	35.9	1.8	5.666667
14	11	2023	23.9	35.9	0.4	5.610454
15	11	2023	24.6	35.6	0.0	5.51387
16	11	2023	25.6	35.0	0.0	5.275553
17	11	2023	24.2	35.0	0.0	5.436944
18	11	2023	25.5	36.3	0.0	5.615378
19	11	2023	26.5	35.9	0.0	5.530695
20	11	2023	24.3	35.6	0.0	5.493521
21	11	2023	25.5	37.1	0.0	5.863518
22	11	2023	23.8	34.5	0.0	4.991324
23	11	2023	22.4	30.9	0.0	4.017988
24	11	2023	22.9	34.8	0.0	5.092511
25	11	2023	23.4	34.9	0.0	5.235476
26	11	2023	24.3	34.8	0.4	5.158853
27	11	2023	23.7	34.2	0.4	5.200386
28	11	2023	22.7	35.0	0.8	5.399741
29	11	2023	23.0	35.7	0.2	5.457654
30	11	2023	24.4	35.4	0.0	5.215767
1	12	2023	23.9	35.0	0.0	5.242444
2	12	2023	25.2	35.1	0.0	5.277579
3	12	2023	23.9	34.7	0.0	5.28804
4	12	2023	21.0	32.4	0.0	4.617934
5	12	2023	21.4	33.3	0.0	4.834509
6	12	2023	23.6	29.9	0.0	3.687993
7	12	2023	23.7	33.6	0.0	4.663369
8	12	2023	24.4	34.3	0.0	4.927762
9	12	2023	24.7	34.8	0.0	5.029166
10	12	2023	23.4	32.3	0.0	4.464501
11	12	2023	22.3	32.3	0.0	4.4541
12	12	2023	22.7	35.3	0.0	5.310053
13	12	2023	23.8	34.7	0.0	5.108789
14	12	2023	24.7	32.5	0.0	4.384295
15	12	2023	24.4	32.9	0.0	4.401733
16	12	2023	24.2	36.7	0.0	5.612538
17	12	2023	24.7	35.3	0.0	5.28467
18	12	2023	21.9	31.4	0.0	4.187635
19	12	2023	23.7	33.6	0.0	4.725806
20	12	2023	23.8	31.8	18.8	4.244779
21	12	2023	23.6	34.1	0.2	4.944687
22	12	2023	24.4	34.8	0.0	5.247822
23	12	2023	22.2	36.6	0.0	5.986928
24	12	2023	24.7	37.7	0.0	5.974065
25	12	2023	25.2	36.4	0.0	5.600576
26	12	2023	25.2	37.8	0.0	6.184205
27	12	2023	24.2	31.8	7.0	4.157061
28	12	2023	24.0	33.9	0.0	4.818497
29	12	2023	24.3	35.7	0.4	5.222991
30	12	2023	24.9	33.7	0.0	4.601329
31	12	2023	23.7	30.1	0.0	3.933677
1	1	2025	22.2	33.9	0.2	4.809149
2	1	2025	22.7	33.0	0.8	4.630054
3	1	2025	21.8	30.8	0.4	4.012443
4	1	2025	22.2	32.4	0.2	4.33219
5	1	2025	23.7	32.3	0.2	4.161356
6	1	2025	23.1	30.3	0.2	3.688664
7	1	2025	22.0	30.3	0.2	3.784139
8	1	2025	22.6	31.4	0.4	3.883161
9	1	2025	22.7	30.1	0.2	3.590494
10	1	2025	22.9	31.5	0.2	3.86317
11	1	2025	24.4	33.2	0.2	4.189875
12	1	2025	24.3	30.3	0.4	3.553199
13	1	2025	23.5	32.8	0.2	4.371358
14	1	2025	23.3	27.4	0.2	2.93978
15	1	2025	22.5	29.1	0.2	3.513262
16	1	2025	22.9	30.7	0.2	3.858635
17	1	2025	23.3	32.9	0.4	4.442132
18	1	2025	23.0	27.6	0.2	3.087911
19	1	2025	23.3	32.1	0.2	4.314112
20	1	2025	23.0	31.9	0.2	4.318395
21	1	2025	22.8	30.5	0.2	3.876468
22	1	2025	24.0	33.9	0.2	4.683693
23	1	2025	22.9	32.9	0.2	4.740273
24	1	2025	24.0	30.6	0.2	3.866906
25	1	2025	23.1	32.5	0.2	4.401781
26	1	2025	23.1	34.4	0.2	4.985753
27	1	2025	21.8	33.1	0.2	4.741805
28	1	2025	24.7	33.8	0.2	4.548696
29	1	2025	22.0	31.0	0.2	3.990393
30	1	2025	22.3	32.3	0.4	4.211993
31	1	2025	23.4	31.7	0.2	3.92449
1	2	2025	22.8	27.8	0.2	2.989692
2	2	2025	22.2	32.4	0.2	4.21611
3	2	2025	21.7	33.1	0.2	4.488133
4	2	2025	23.6	29.9	0.4	3.626418
5	2	2025	24.5	33.9	0.2	4.69257
6	2	2025	24.4	33.0	0.2	4.645647
7	2	2025	24.0	32.1	0.2	4.141331
8	2	2025	24.5	31.0	0.0	3.694373
9	2	2025	23.0	30.1	0.2	3.714331
10	2	2025	21.8	29.8	0.2	3.820872
11	2	2025	22.7	32.2	0.2	4.335926
12	2	2025	22.6	32.3	0.2	4.374944
13	2	2025	22.7	32.6	0.2	4.557677
14	2	2025	22.7	33.1	0.2	4.657966
15	2	2025	23.2	30.3	0.2	3.668073
16	2	2025	22.0	29.9	0.2	3.661013
17	2	2025	22.4	29.1	0.2	3.417683
18	2	2025	23.3	32.7	0.2	4.254714
19	2	2025	23.3	33.2	0.2	4.576635
20	2	2025	24.3	32.0	0.2	4.277786
21	2	2025	24.1	32.7	0.0	4.363598
22	2	2025	22.6	32.3	0.2	4.375629
23	2	2025	24.6	33.0	0.2	4.375385
24	2	2025	24.9	31.7	0.0	3.952107
25	2	2025	22.8	32.0	0.2	4.214769
26	2	2025	24.3	32.1	0.2	4.2668
27	2	2025	23.1	29.5	0.0	3.557256
28	2	2025	23.8	31.3	0.2	3.908393
1	3	2025	23.5	32.0	0.0	4.132999
2	3	2025	23.6	31.5	0.0	4.018314
3	3	2025	23.1	32.8	0.0	4.459558
4	3	2025	23.6	32.6	0.0	4.331386
5	3	2025	23.7	31.2	0.0	3.931322
6	3	2025	22.9	29.3	0.0	3.450155
7	3	2025	23.3	33.4	0.0	4.467519
8	3	2025	23.5	33.1	0.0	4.45625
9	3	2025	23.2	31.3	0.0	3.994739
10	3	2025	23.2	32.3	0.0	4.214608
11	3	2025	22.1	30.7	0.0	3.807276
12	3	2025	22.7	30.8	0.0	3.769681
13	3	2025	23.2	32.6	0.0	4.202584
14	3	2025	23.2	32.3	0.0	4.380692
15	3	2025	23.0	33.9	0.0	4.774627
16	3	2025	23.8	32.9	0.0	4.533795
17	3	2025	24.2	30.6	0.0	3.767274
18	3	2025	23.1	32.6	0.0	4.380572
19	3	2025	24.1	34.0	0.0	4.762872
20	3	2025	22.8	32.2	0.0	4.394531
21	3	2025	22.5	30.3	0.0	3.658529
22	3	2025	23.2	33.5	0.0	4.522159
23	3	2025	23.8	32.7	0.0	4.154008
24	3	2025	24.1	33.8	0.0	4.443072
25	3	2025	23.4	34.4	0.0	4.853784
26	3	2025	24.4	33.6	0.0	4.602645
27	3	2025	23.8	33.7	0.0	4.637789
28	3	2025	23.4	31.6	0.0	4.051065
29	3	2025	23.2	33.5	0.0	4.489668
30	3	2025	23.8	33.2	0.0	4.457013
31	3	2025	23.4	33.3	0.0	4.438586
1	4	2025	22.7	33.6	0.0	4.53936
2	4	2025	23.7	34.1	0.0	4.636374
3	4	2025	23.4	34.0	0.0	4.609392
4	4	2025	24.8	33.8	0.0	4.345695
5	4	2025	23.2	32.7	0.0	4.233989
6	4	2025	22.8	33.7	0.0	4.406766
7	4	2025	23.0	31.3	0.0	3.710504
8	4	2025	23.2	34.2	0.0	4.575539
9	4	2025	24.3	32.0	0.0	3.957525
10	4	2025	24.4	32.1	0.0	3.934874
11	4	2025	23.9	32.8	0.0	4.188353
12	4	2025	23.9	33.6	0.0	4.324772
13	4	2025	24.6	31.8	0.0	3.734809
14	4	2025	23.7	32.6	0.0	3.891435
15	4	2025	23.7	33.6	0.0	4.211872
16	4	2025	23.0	33.3	0.0	4.282961
17	4	2025	23.1	34.5	0.0	4.683479
18	4	2025	22.8	34.5	0.0	4.803034
19	4	2025	22.9	34.1	0.0	4.609694
20	4	2025	23.0	33.7	0.0	4.533844
21	4	2025	23.6	32.9	0.0	4.289201
22	4	2025	23.9	32.3	0.0	3.940459
23	4	2025	22.1	31.0	0.0	3.708093
24	4	2025	23.6	34.2	0.0	4.472064
25	4	2025	23.8	33.6	0.0	4.331372
26	4	2025	24.0	34.0	0.0	4.470317
27	4	2025	24.1	33.9	0.0	4.252761
28	4	2025	23.7	33.7	0.0	4.247151
29	4	2025	23.5	33.1	0.0	4.040877
30	4	2025	23.1	34.1	0.0	4.325329
1	5	2025	23.0	34.0	0.0	4.459726
2	5	2025	23.4	33.7	0.0	4.246663
3	5	2025	22.3	33.9	0.0	4.48929
4	5	2025	22.0	34.6	0.0	4.725655
5	5	2025	22.8	34.1	0.0	4.496624
6	5	2025	23.0	33.8	0.0	4.322352
7	5	2025	22.2	34.0	0.0	4.469774
8	5	2025	22.6	34.9	0.0	4.657193
9	5	2025	22.1	34.0	0.0	4.377237
10	5	2025	23.1	33.7	0.0	4.074234
11	5	2025	22.9	32.6	0.0	3.933924
12	5	2025	22.7	33.4	0.0	3.992729
13	5	2025	23.2	33.2	0.0	4.028388
14	5	2025	23.1	33.7	0.0	4.363952
15	5	2025	23.0	34.2	0.0	4.433305
16	5	2025	23.2	33.6	0.0	4.355376
17	5	2025	21.9	32.6	0.0	4.217701
18	5	2025	22.4	34.1	0.0	4.487186
19	5	2025	22.3	34.5	0.0	4.598695
20	5	2025	23.0	34.1	0.0	4.566821
21	5	2025	23.8	34.3	0.0	4.296691
22	5	2025	23.1	31.7	0.0	3.656675
23	5	2025	23.5	35.0	0.0	4.426793
24	5	2025	23.1	33.4	0.0	4.057496
25	5	2025	23.3	34.4	0.0	4.369659
26	5	2025	22.9	34.8	0.0	4.621946
27	5	2025	21.6	34.3	0.0	4.636093
28	5	2025	20.8	34.7	0.0	4.747209
29	5	2025	21.5	34.1	0.0	4.465995
30	5	2025	22.0	34.8	0.0	4.586729
31	5	2025	22.5	33.4	0.0	4.231314
1	6	2025	22.0	34.0	0.0	4.276899
2	6	2025	22.8	34.1	0.0	4.275885
3	6	2025	20.9	33.8	0.0	4.386317
4	6	2025	21.8	32.5	0.0	4.103775
5	6	2025	21.4	34.0	0.0	4.37836
6	6	2025	21.8	35.0	0.0	4.579779
7	6	2025	22.1	35.4	0.0	4.693301
8	6	2025	22.3	34.8	0.0	4.55243
9	6	2025	22.2	33.4	0.0	4.336993
10	6	2025	21.3	34.3	0.0	4.563532
11	6	2025	23.0	33.4	0.0	4.166787
12	6	2025	24.6	32.5	0.0	3.831059
13	6	2025	24.2	33.1	0.0	3.928914
14	6	2025	23.8	33.1	0.0	4.554863
15	6	2025	21.9	33.0	0.0	4.680106
16	6	2025	22.9	34.4	0.0	4.944548
17	6	2025	22.0	34.6	0.0	4.860318
18	6	2025	22.1	34.4	0.0	5.044028
19	6	2025	22.3	34.8	0.0	5.322567
20	6	2025	21.4	34.5	0.0	5.287371
21	6	2025	23.0	34.2	0.0	4.793282
22	6	2025	22.8	34.3	0.0	4.710115
23	6	2025	22.9	35.1	0.0	4.821653
24	6	2025	23.9	35.1	0.0	4.822382
25	6	2025	21.0	33.9	0.0	4.709709
26	6	2025	23.5	33.6	0.0	4.287642
27	6	2025	22.3	34.7	0.0	4.920623
28	6	2025	21.5	34.6	0.0	4.879771
29	6	2025	22.4	34.2	0.0	4.671801
30	6	2025	23.1	33.7	0.0	4.487668
1	7	2025	21.5	34.5	0.0	4.687568
2	7	2025	21.6	34.0	0.0	4.649242
3	7	2025	23.8	34.8	0.0	5.245652
4	7	2025	21.0	34.6	0.0	5.171976
5	7	2025	20.3	34.9	0.0	5.20711
6	7	2025	19.3	36.1	0.0	5.326783
7	7	2025	19.0	35.9	0.0	5.24642
8	7	2025	20.1	35.6	0.0	5.124406
9	7	2025	20.4	35.1	0.0	5.00991
10	7	2025	20.6	36.2	0.0	5.259029
11	7	2025	19.9	36.0	0.0	5.309126
12	7	2025	22.0	36.5	0.0	5.326635
13	7	2025	21.4	35.7	0.0	5.282092
14	7	2025	18.5	35.1	0.0	5.517289
15	7	2025	18.9	34.6	0.0	5.166576
16	7	2025	19.0	35.3	0.0	5.200081
17	7	2025	19.1	36.1	0.0	5.682009
18	7	2025	17.1	35.7	0.0	5.733709
19	7	2025	19.8	35.3	0.0	5.416675
20	7	2025	21.3	36.2	0.0	5.412333
21	7	2025	21.2	35.8	0.0	5.37278
22	7	2025	23.2	34.5	0.0	4.985789
23	7	2025	20.8	35.1	0.0	5.213252
24	7	2025	25.3	35.7	0.0	5.162439
25	7	2025	26.3	35.0	0.0	4.930988
26	7	2025	25.9	35.3	0.0	5.318086
27	7	2025	26.8	36.1	0.0	5.474923
28	7	2025	19.3	37.0	0.0	6.260038
29	7	2025	25.4	36.9	0.0	5.898693
30	7	2025	26.9	36.0	0.0	5.315965
31	7	2025	26.1	34.5	0.0	4.965027
1	8	2025	22.4	30.7	0.0	3.956484
2	8	2025	24.4	34.3	0.0	5.0868
3	8	2025	22.2	35.5	0.0	5.788629
4	8	2025	21.0	35.8	0.0	5.973206
5	8	2025	22.1	36.8	0.0	6.120826
6	8	2025	21.8	35.9	0.0	5.793244
7	8	2025	26.3	36.1	0.0	5.390866
8	8	2025	24.6	35.1	0.0	5.348984
9	8	2025	24.6	35.2	0.0	5.241921
10	8	2025	21.0	36.0	0.0	5.486833
11	8	2025	23.2	33.4	0.0	4.580449
12	8	2025	22.1	35.8	0.0	5.122603
13	8	2025	21.3	32.6	0.0	4.223826
14	8	2025	22.5	34.4	0.0	4.849548
15	8	2025	21.4	34.8	0.0	5.091062
16	8	2025	21.2	35.7	0.0	5.351114
17	8	2025	23.7	35.9	0.0	5.36201
18	8	2025	22.6	36.3	0.0	5.537313
19	8	2025	21.1	36.7	0.0	5.811527
20	8	2025	20.1	36.9	0.0	6.126185
21	8	2025	18.9	36.8	0.0	6.254448
22	8	2025	20.1	36.5	0.0	5.959345
23	8	2025	21.5	36.6	0.0	5.821884
24	8	2025	21.4	36.8	0.0	5.926204
25	8	2025	19.4	36.8	0.0	6.027949
26	8	2025	22.3	36.5	0.0	5.76618
27	8	2025	22.6	36.2	0.0	5.553842
28	8	2025	21.5	36.8	0.0	5.911157
29	8	2025	21.5	36.4	0.0	5.833751
30	8	2025	22.9	36.5	0.0	5.876555
31	8	2025	22.6	36.9	0.0	6.001216
1	9	2025	22.3	36.3	0.0	6.058326
2	9	2025	21.1	37.4	0.0	6.29434
3	9	2025	22.1	37.7	0.0	6.450169
4	9	2025	21.1	37.6	0.0	6.500722
5	9	2025	22.0	37.2	0.0	6.40517
6	9	2025	21.8	37.3	0.0	6.314284
7	9	2025	22.9	38.3	0.0	6.51086
8	9	2025	23.7	38.2	0.0	6.461412
9	9	2025	21.7	38.0	0.0	6.66781
10	9	2025	19.9	39.4	0.0	7.100618
11	9	2025	21.6	38.4	0.0	6.622382
12	9	2025	23.5	37.3	0.0	5.998444
13	9	2025	25.9	35.8	0.0	5.574447
14	9	2025	23.6	37.3	0.0	6.131031
15	9	2025	25.6	37.8	0.0	6.526311
16	9	2025	22.8	37.2	0.0	6.399328
17	9	2025	23.6	38.2	0.0	6.545638
18	9	2025	27.6	31.3	0.0	4.36922
19	9	2025	27.6	31.3	0.0	4.373401
20	9	2025	27.6	31.3	0.0	4.377472
21	9	2025	27.6	31.3	0.0	4.38143
22	9	2025	23.4	36.8	0.0	6.032635
23	9	2025	23.41	36.75	0.0	6.021665
24	9	2025	23.46	36.69	0.0	6.005319
25	9	2025	23.55	36.62	0.0	5.983484
26	9	2025	23.57	36.61	0.0	5.979483
27	9	2025	23.62	36.52	0.0	5.949904
28	9	2025	23.66	36.46	0.0	5.931382
29	9	2025	23.64	36.33	0.0	5.893942
30	9	2025	23.56	36.28	0.0	5.879376
