Day	Month	Year	MinTemp	MaxTemp	Precipitation	ReferenceET
1	1	2003	23.73	26.86	4.76	3.2991
2	1	2003	22.80	30.57	3.53	4.1552
3	1	2003	22.65	31.51	1.34	4.5073
4	1	2003	22.69	31.90	0.00	5.3074
5	1	2003	24.29	32.11	1.08	5.1395
6	1	2003	23.36	31.99	12.06	5.0739
7	1	2003	24.61	32.05	4.71	4.2474
8	1	2003	23.33	32.22	3.03	4.8272
9	1	2003	23.76	31.31	0.53	4.0464
10	1	2003	23.72	32.88	0.78	4.6838
11	1	2003	24.27	32.11	2.70	3.1451
12	1	2003	23.35	31.87	0.73	5.0654
13	1	2003	23.31	32.28	13.31	4.7461
14	1	2003	24.11	30.24	18.91	3.1741
15	1	2003	23.36	31.98	5.12	4.4030
16	1	2003	22.89	31.80	0.23	4.4976
17	1	2003	23.35	31.50	1.57	4.4473
18	1	2003	23.67	31.65	5.54	3.9485
19	1	2003	23.86	27.12	4.09	2.3448
20	1	2003	23.05	29.49	18.29	3.9874
21	1	2003	22.84	27.19	28.07	2.4351
22	1	2003	22.74	30.50	16.09	3.4980
23	1	2003	23.23	29.43	7.47	3.5464
24	1	2003	22.29	29.99	1.05	3.2644
25	1	2003	21.44	30.28	0.09	4.3728
26	1	2003	23.79	30.05	0.56	4.3070
27	1	2003	23.14	29.25	2.66	3.1464
28	1	2003	22.69	27.65	18.31	3.4327
29	1	2003	21.63	29.32	1.15	4.0150
30	1	2003	22.99	27.53	1.76	2.9552
31	1	2003	21.36	29.53	1.43	4.0760
1	2	2003	21.91	29.81	8.14	3.9022
2	2	2003	22.53	29.60	5.13	4.1152
3	2	2003	22.35	28.51	2.40	3.8970
4	2	2003	23.08	30.35	4.96	4.3555
5	2	2003	22.21	30.66	19.85	3.7603
6	2	2003	23.60	28.31	6.98	3.8406
7	2	2003	21.78	30.39	0.85	4.4862
8	2	2003	23.51	31.21	5.03	4.2541
9	2	2003	22.75	28.93	0.49	4.0698
10	2	2003	22.73	30.14	0.79	4.1119
11	2	2003	23.19	30.66	2.15	4.2344
12	2	2003	23.76	30.15	5.90	2.3815
13	2	2003	23.15	28.93	3.11	3.8101
14	2	2003	22.15	30.28	4.38	3.3020
15	2	2003	23.77	30.34	7.91	4.1740
16	2	2003	23.37	29.60	27.81	3.1781
17	2	2003	22.68	26.74	10.31	3.1121
18	2	2003	21.64	30.67	11.16	4.5350
19	2	2003	22.34	29.37	21.22	3.4305
20	2	2003	22.14	29.88	6.47	2.5670
21	2	2003	22.23	29.99	7.65	3.7748
22	2	2003	22.35	27.35	13.64	3.5243
23	2	2003	22.14	30.01	44.75	3.4866
24	2	2003	22.98	28.20	41.59	2.8832
25	2	2003	22.44	28.46	9.38	2.8489
26	2	2003	22.19	29.23	5.07	4.0400
27	2	2003	22.66	30.08	18.83	3.2006
28	2	2003	22.61	28.47	19.20	4.0451
1	3	2003	22.96	29.75	1.73	4.5922
2	3	2003	22.21	30.69	0.89	4.1617
3	3	2003	23.46	29.60	2.19	3.6880
4	3	2003	22.25	29.73	5.41	3.7943
5	3	2003	22.00	29.00	26.30	3.8949
6	3	2003	23.01	28.39	24.04	3.7899
7	3	2003	22.23	29.55	5.22	3.7489
8	3	2003	21.88	30.02	1.57	3.8263
9	3	2003	22.28	30.56	2.23	4.1882
10	3	2003	22.22	30.34	2.71	3.8737
11	3	2003	22.70	30.42	6.48	3.9122
12	3	2003	22.98	29.61	19.77	3.5678
13	3	2003	22.41	30.87	16.61	3.4476
14	3	2003	24.16	30.91	3.62	3.5221
15	3	2003	22.53	28.00	15.68	3.5883
16	3	2003	21.88	29.05	13.43	3.3077
17	3	2003	21.30	28.79	8.49	3.2926
18	3	2003	22.06	29.47	11.97	3.2085
19	3	2003	22.12	29.54	22.03	2.1199
20	3	2003	22.71	28.33	2.34	4.3985
21	3	2003	22.07	30.02	21.14	3.9606
22	3	2003	23.00	27.25	5.56	3.1803
23	3	2003	22.44	27.95	4.56	3.0310
24	3	2003	22.15	30.28	3.24	4.0580
25	3	2003	21.85	30.56	2.81	4.0608
26	3	2003	23.04	28.45	9.96	2.3595
27	3	2003	21.73	29.61	3.13	4.0912
28	3	2003	23.41	28.61	0.83	3.6160
29	3	2003	22.39	30.18	4.11	3.6013
30	3	2003	23.22	30.19	11.81	3.4080
31	3	2003	23.27	28.44	3.64	3.3499
1	4	2003	23.28	29.82	18.84	3.6205
2	4	2003	23.20	27.58	16.40	3.1964
3	4	2003	22.07	29.00	2.95	3.7402
4	4	2003	22.52	30.88	8.79	4.0672
5	4	2003	23.60	31.18	6.57	3.7052
6	4	2003	23.86	28.40	4.46	3.7299
7	4	2003	22.05	30.41	1.80	3.4815
8	4	2003	22.44	30.54	20.19	4.0132
9	4	2003	23.18	28.75	16.63	3.1891
10	4	2003	22.60	28.40	0.53	4.0423
11	4	2003	22.01	28.26	4.65	3.6178
12	4	2003	22.97	30.80	4.26	4.2026
13	4	2003	23.74	30.40	3.02	3.9532
14	4	2003	22.48	30.18	3.18	3.6305
15	4	2003	23.52	29.45	3.19	4.0837
16	4	2003	23.11	29.74	3.99	3.8943
17	4	2003	22.23	30.60	1.09	4.0872
18	4	2003	22.38	29.78	0.38	4.2008
19	4	2003	21.63	31.21	0.01	4.2056
20	4	2003	23.18	30.99	0.00	4.5419
21	4	2003	23.58	30.73	1.29	4.0802
22	4	2003	23.61	30.64	0.13	4.6395
23	4	2003	22.09	29.23	2.02	4.1109
24	4	2003	21.85	29.91	0.64	4.3397
25	4	2003	22.69	30.70	3.41	3.7940
26	4	2003	22.75	30.29	8.69	4.0175
27	4	2003	22.85	28.71	18.78	3.8174
28	4	2003	23.18	29.11	16.59	3.4167
29	4	2003	23.47	29.94	0.74	4.1212
30	4	2003	23.05	30.44	1.19	3.4842
1	5	2003	22.47	29.00	1.06	3.5430
2	5	2003	22.68	30.32	0.65	4.0526
3	5	2003	22.53	30.00	0.52	3.2966
4	5	2003	22.45	29.53	2.66	3.2343
5	5	2003	23.44	28.88	7.09	3.1893
6	5	2003	22.95	28.15	3.90	3.4199
7	5	2003	22.39	30.22	1.43	4.1593
8	5	2003	21.93	30.12	3.27	4.1325
9	5	2003	22.48	30.50	5.45	4.0954
10	5	2003	22.81	30.72	0.19	3.7018
11	5	2003	22.76	30.53	0.01	4.2717
12	5	2003	21.76	30.13	0.01	4.2519
13	5	2003	22.01	28.40	0.01	3.9162
14	5	2003	22.36	30.31	0.71	4.2130
15	5	2003	22.66	30.22	0.21	4.2038
16	5	2003	22.16	30.08	0.00	4.3298
17	5	2003	21.49	30.25	0.00	3.9455
18	5	2003	22.60	30.60	0.00	4.3635
19	5	2003	22.32	30.07	0.15	4.3899
20	5	2003	21.95	30.11	1.34	3.2769
21	5	2003	21.29	31.04	0.21	4.2071
22	5	2003	22.39	31.04	0.07	4.0451
23	5	2003	22.67	31.13	0.01	4.1921
24	5	2003	22.53	31.40	0.01	4.1293
25	5	2003	24.02	29.76	11.01	4.0177
26	5	2003	23.84	29.99	7.24	3.6932
27	5	2003	22.68	30.22	12.87	2.6864
28	5	2003	21.13	30.16	1.57	3.6225
29	5	2003	23.03	30.26	0.77	3.8373
30	5	2003	23.01	29.34	2.64	3.0243
31	5	2003	23.28	28.60	1.08	3.2211
1	6	2003	23.35	29.55	0.19	3.5345
2	6	2003	22.19	29.73	0.02	3.5298
3	6	2003	21.60	30.06	0.00	3.8950
4	6	2003	21.49	30.45	0.56	3.9888
5	6	2003	22.55	30.13	0.02	4.0064
6	6	2003	22.96	30.65	0.00	4.0958
7	6	2003	22.84	30.67	0.36	4.1319
8	6	2003	21.36	30.72	0.00	4.1036
9	6	2003	21.64	30.12	0.00	4.1344
10	6	2003	20.49	30.36	0.00	4.3312
11	6	2003	21.50	30.66	0.00	3.8588
12	6	2003	22.75	30.98	1.27	3.6824
13	6	2003	22.90	31.42	0.06	3.9865
14	6	2003	22.05	31.28	0.00	4.2922
15	6	2003	20.88	31.57	0.36	4.2687
16	6	2003	22.30	30.45	0.39	3.5657
17	6	2003	21.82	29.86	1.84	3.3628
18	6	2003	21.96	31.04	0.06	3.9671
19	6	2003	21.53	31.83	0.30	4.2278
20	6	2003	22.13	31.38	0.00	4.1404
21	6	2003	22.15	31.01	0.03	3.9045
22	6	2003	23.36	31.66	0.35	3.6522
23	6	2003	23.34	30.47	0.66	3.4244
24	6	2003	23.23	31.06	0.20	4.0072
25	6	2003	21.64	30.63	0.05	4.0193
26	6	2003	21.51	31.18	0.00	4.1372
27	6	2003	21.99	31.60	0.00	4.4642
28	6	2003	20.52	31.98	0.00	4.6936
29	6	2003	20.20	31.76	0.00	4.4607
30	6	2003	20.73	32.96	0.00	4.5065
1	7	2003	20.85	32.13	0.00	4.3097
2	7	2003	22.38	32.91	0.00	4.3978
3	7	2003	21.59	32.96	0.03	4.4426
4	7	2003	22.24	32.81	0.03	4.6133
5	7	2003	22.12	32.62	0.42	4.5691
6	7	2003	20.09	33.76	0.00	4.7781
7	7	2003	20.02	33.73	0.00	4.8805
8	7	2003	21.44	33.02	0.00	4.4773
9	7	2003	21.45	33.78	0.00	4.5155
10	7	2003	21.01	34.69	0.00	5.1758
11	7	2003	20.25	34.91	0.00	5.2166
12	7	2003	20.39	34.34	0.00	4.9670
13	7	2003	21.79	34.32	0.00	4.9331
14	7	2003	21.00	34.05	0.00	5.0248
15	7	2003	20.12	34.93	0.00	5.4046
16	7	2003	20.30	34.69	0.00	5.1371
17	7	2003	21.58	34.03	0.00	5.0989
18	7	2003	20.51	33.27	0.00	4.8056
19	7	2003	20.16	34.87	0.00	5.4041
20	7	2003	21.10	35.10	0.00	5.2523
21	7	2003	21.80	34.95	0.00	5.3882
22	7	2003	20.41	35.38	0.00	5.5275
23	7	2003	21.26	34.87	0.33	5.5045
24	7	2003	19.98	34.63	0.00	5.4171
25	7	2003	20.83	34.94	0.02	5.1337
26	7	2003	22.29	36.00	0.00	5.7405
27	7	2003	22.12	35.81	0.00	5.3361
28	7	2003	22.97	35.29	0.00	5.4551
29	7	2003	21.57	35.75	0.00	5.6886
30	7	2003	21.73	35.03	0.33	5.2918
31	7	2003	22.05	35.85	0.00	5.2341
1	8	2003	22.16	36.19	0.00	5.3352
2	8	2003	22.28	37.23	0.00	6.0237
3	8	2003	21.80	37.00	0.66	5.8866
4	8	2003	22.14	36.40	0.00	5.6397
5	8	2003	21.79	36.01	1.79	5.7850
6	8	2003	21.76	36.60	0.00	5.8616
7	8	2003	22.15	36.77	0.00	5.8787
8	8	2003	21.75	37.14	0.00	5.7076
9	8	2003	22.75	36.90	0.00	5.6011
10	8	2003	23.01	37.17	0.48	5.7164
11	8	2003	21.83	37.19	0.36	5.1807
12	8	2003	23.48	36.31	0.28	5.3090
13	8	2003	23.21	35.92	0.27	5.1592
14	8	2003	23.78	35.82	0.09	5.0367
15	8	2003	23.83	35.77	0.06	4.8261
16	8	2003	23.74	34.33	0.26	4.3160
17	8	2003	23.83	34.10	4.02	4.7638
18	8	2003	24.13	32.49	7.41	3.7162
19	8	2003	22.68	30.26	9.62	3.9068
20	8	2003	21.48	32.63	0.06	5.3514
21	8	2003	20.47	33.98	0.02	5.3028
22	8	2003	21.60	34.84	0.00	5.4699
23	8	2003	21.54	35.74	0.00	5.4405
24	8	2003	22.54	35.41	0.03	5.3120
25	8	2003	22.84	36.80	0.00	5.8608
26	8	2003	23.08	36.48	1.83	5.7300
27	8	2003	23.26	36.80	1.80	4.6259
28	8	2003	23.79	36.46	0.94	4.8833
29	8	2003	24.15	35.77	1.36	4.9223
30	8	2003	23.85	34.17	5.25	4.0179
31	8	2003	23.58	32.02	9.30	3.2789
1	9	2003	22.22	31.72	5.71	4.0650
2	9	2003	21.24	34.38	0.12	4.8754
3	9	2003	23.00	35.36	0.04	5.2840
4	9	2003	21.56	35.63	0.03	5.7647
5	9	2003	21.85	36.32	0.00	6.2652
6	9	2003	23.75	36.59	0.00	6.3720
7	9	2003	22.13	36.51	0.00	6.3500
8	9	2003	23.94	36.62	0.00	6.4685
9	9	2003	22.07	37.35	0.00	6.0301
10	9	2003	24.12	38.28	0.06	6.6118
11	9	2003	23.89	39.47	0.04	6.5003
12	9	2003	26.34	38.13	0.00	5.5659
13	9	2003	25.93	37.37	0.01	5.5704
14	9	2003	24.72	38.51	0.65	5.8627
15	9	2003	25.86	38.30	0.25	6.2039
16	9	2003	25.72	35.88	5.93	4.8843
17	9	2003	23.76	37.44	0.41	4.9487
18	9	2003	24.76	37.48	0.18	5.7489
19	9	2003	25.08	38.40	0.00	5.8664
20	9	2003	26.22	38.37	0.06	6.2150
21	9	2003	23.04	37.77	0.01	6.5573
22	9	2003	25.44	38.68	0.00	6.7853
23	9	2003	24.06	39.13	0.00	6.4791
24	9	2003	25.99	37.82	1.09	5.9206
25	9	2003	25.15	38.49	0.06	5.8955
26	9	2003	25.38	38.85	0.00	5.6869
27	9	2003	25.69	39.47	0.00	5.2547
28	9	2003	25.60	37.93	0.00	5.9497
29	9	2003	26.21	39.17	0.11	6.2833
30	9	2003	27.52	39.08	0.21	5.9379
1	10	2003	27.36	39.09	0.10	5.9206
2	10	2003	26.60	32.19	4.41	4.7196
3	10	2003	25.10	34.92	0.75	5.1386
4	10	2003	25.92	36.37	0.01	5.8807
5	10	2003	24.88	38.36	0.47	6.7458
6	10	2003	26.12	38.76	0.16	6.1000
7	10	2003	25.61	38.91	0.30	6.2452
8	10	2003	26.85	39.20	0.03	5.9866
9	10	2003	27.53	38.78	0.00	6.0355
10	10	2003	26.16	38.49	0.00	5.8505
11	10	2003	26.11	39.05	0.00	6.2966
12	10	2003	27.43	40.41	0.01	6.1562
13	10	2003	27.46	37.40	3.69	5.3015
14	10	2003	25.35	31.26	4.31	4.0117
15	10	2003	23.71	31.26	12.25	3.0338
16	10	2003	23.09	35.52	2.18	4.7410
17	10	2003	24.58	33.93	2.53	3.4149
18	10	2003	24.12	34.34	0.08	4.4337
19	10	2003	23.96	37.14	0.12	5.2946
20	10	2003	25.23	36.86	0.72	5.3592
21	10	2003	24.98	37.29	0.12	4.9772
22	10	2003	26.69	36.26	0.17	4.7759
23	10	2003	25.40	37.65	0.34	5.4294
24	10	2003	24.83	36.30	5.43	5.5707
25	10	2003	24.12	36.58	0.06	5.6302
26	10	2003	26.58	35.56	1.37	4.1927
27	10	2003	25.06	34.98	1.38	4.5556
28	10	2003	24.44	36.08	0.44	5.0084
29	10	2003	25.31	34.49	0.16	5.0879
30	10	2003	24.08	34.81	8.75	5.0658
31	10	2003	25.14	34.53	10.60	4.5538
1	11	2003	24.93	30.46	7.41	3.8121
2	11	2003	24.59	33.25	3.24	5.1679
3	11	2003	24.63	33.70	5.19	4.9387
4	11	2003	23.92	29.38	50.13	1.8604
5	11	2003	23.26	28.97	5.75	3.3990
6	11	2003	22.45	31.96	3.73	4.4748
7	11	2003	22.61	32.95	3.69	5.2674
8	11	2003	23.75	29.97	0.62	3.0874
9	11	2003	23.15	30.39	0.66	3.9469
10	11	2003	21.90	32.44	2.30	4.5096
11	11	2003	22.81	31.49	0.27	4.5146
12	11	2003	23.29	33.47	0.56	4.5215
13	11	2003	23.68	31.97	1.50	4.2170
14	11	2003	23.32	33.18	2.29	4.1618
15	11	2003	23.33	34.71	1.51	5.3495
16	11	2003	24.13	34.04	5.10	3.3468
17	11	2003	23.79	33.07	3.09	3.9213
18	11	2003	24.26	33.81	0.41	4.3250
19	11	2003	24.00	33.28	0.66	3.7026
20	11	2003	24.02	32.73	0.70	4.1989
21	11	2003	24.25	34.33	0.44	4.9042
22	11	2003	23.31	35.25	0.00	5.4417
23	11	2003	23.98	35.92	0.49	4.8826
24	11	2003	23.74	35.04	0.30	4.7325
25	11	2003	24.81	29.93	0.16	3.7612
26	11	2003	24.13	35.97	0.36	4.8327
27	11	2003	24.07	36.23	1.15	5.0170
28	11	2003	24.29	36.45	0.51	5.2426
29	11	2003	24.99	36.13	7.94	5.2392
30	11	2003	24.93	34.88	1.31	4.6625
1	12	2003	24.22	35.83	0.61	4.7420
2	12	2003	25.40	33.98	0.64	4.4258
3	12	2003	25.08	36.91	0.12	5.0814
4	12	2003	25.39	36.54	0.11	5.4780
5	12	2003	25.55	37.06	0.17	5.1744
6	12	2003	26.23	34.85	19.86	5.3187
7	12	2003	25.40	32.76	6.77	4.4006
8	12	2003	23.45	34.52	3.68	4.9504
9	12	2003	24.25	34.92	0.34	4.8760
10	12	2003	24.27	35.66	1.07	5.3672
11	12	2003	23.87	35.38	2.83	4.7624
12	12	2003	24.45	31.45	1.35	4.0979
13	12	2003	24.06	29.30	0.71	3.7333
14	12	2003	23.69	33.57	3.19	4.4057
15	12	2003	22.32	33.13	12.80	4.6882
16	12	2003	23.94	32.67	6.93	4.4973
17	12	2003	23.23	33.55	0.48	5.2340
18	12	2003	24.31	33.13	9.69	5.0882
19	12	2003	23.54	31.89	6.85	4.5051
20	12	2003	23.44	32.39	3.56	3.6510
21	12	2003	23.24	32.97	1.49	4.4504
22	12	2003	23.16	33.29	0.35	4.6849
23	12	2003	23.81	33.70	0.08	4.7332
24	12	2003	24.56	33.28	0.07	5.1230
25	12	2003	24.64	34.47	3.77	5.2570
26	12	2003	24.62	30.72	35.87	3.5262
27	12	2003	24.21	29.19	37.55	3.8276
28	12	2003	22.84	29.33	3.63	2.4056
29	12	2003	22.63	28.72	5.43	3.3617
30	12	2003	22.57	28.31	4.83	4.0933
31	12	2003	22.74	31.87	0.04	4.9854
