Day	Month	Year	MinTemp	MaxTemp	Precipitation	ReferenceET
1	1	2009	23.36	29.90	11.25	4.1940
2	1	2009	22.88	29.70	0.47	3.6381
3	1	2009	23.22	30.66	0.07	4.1437
4	1	2009	22.79	31.04	0.00	4.6859
5	1	2009	21.84	26.06	0.07	3.8414
6	1	2009	21.53	30.38	19.82	4.4612
7	1	2009	20.84	27.69	12.36	2.9316
8	1	2009	20.01	29.81	0.28	4.4128
9	1	2009	22.21	30.56	0.76	4.5925
10	1	2009	21.89	31.06	0.28	4.0275
11	1	2009	22.21	29.59	15.82	3.3380
12	1	2009	22.22	28.14	6.40	3.5265
13	1	2009	21.68	30.80	3.28	4.2470
14	1	2009	23.66	29.99	1.91	4.1490
15	1	2009	23.89	28.21	6.86	4.2049
16	1	2009	22.16	30.40	17.39	4.0063
17	1	2009	22.94	29.33	6.99	2.9947
18	1	2009	22.79	30.12	0.33	4.2243
19	1	2009	23.59	27.68	6.84	3.6313
20	1	2009	22.49	29.75	11.22	3.7600
21	1	2009	22.17	27.84	11.70	3.1386
22	1	2009	21.76	28.65	12.12	3.6751
23	1	2009	22.67	26.30	15.02	3.3438
24	1	2009	22.64	30.01	10.86	3.8285
25	1	2009	20.79	29.46	16.36	3.9120
26	1	2009	22.66	27.51	32.48	3.4392
27	1	2009	21.77	30.48	9.08	4.2293
28	1	2009	22.78	30.82	0.00	4.3534
29	1	2009	22.12	30.97	0.48	4.5511
30	1	2009	23.35	29.98	12.61	3.8935
31	1	2009	22.66	28.20	7.76	3.4436
1	2	2009	21.45	29.60	1.36	4.0246
2	2	2009	22.42	29.15	8.70	4.0295
3	2	2009	22.83	27.83	16.42	3.8125
4	2	2009	22.41	29.85	5.94	4.1957
5	2	2009	22.81	30.36	0.13	4.5191
6	2	2009	22.99	29.47	3.18	3.8990
7	2	2009	22.82	29.59	4.56	3.5565
8	2	2009	23.21	29.99	0.89	4.3267
9	2	2009	22.68	31.85	0.03	5.1048
10	2	2009	22.91	30.42	2.79	4.1813
11	2	2009	23.65	27.59	4.75	3.3191
12	2	2009	22.85	28.35	1.62	4.0833
13	2	2009	21.83	29.73	11.34	3.8782
14	2	2009	22.94	29.60	7.03	3.8961
15	2	2009	23.03	28.20	11.94	2.0800
16	2	2009	22.39	27.50	27.24	3.3856
17	2	2009	21.86	27.46	4.60	2.8393
18	2	2009	21.66	29.57	36.38	3.0768
19	2	2009	22.01	26.75	3.31	3.3121
20	2	2009	21.43	30.60	0.05	3.8411
21	2	2009	22.89	29.38	7.94	3.5116
22	2	2009	22.53	27.70	22.94	2.9333
23	2	2009	22.53	29.42	12.54	3.7327
24	2	2009	22.02	28.14	3.61	3.2715
25	2	2009	22.90	29.33	2.16	4.3405
26	2	2009	22.33	29.84	2.86	2.7465
27	2	2009	21.76	30.45	1.02	4.0277
28	2	2009	22.45	29.79	0.37	3.8462
1	3	2009	21.56	29.93	11.06	3.6995
2	3	2009	22.98	26.93	16.59	3.0516
3	3	2009	21.72	30.26	9.48	3.3321
4	3	2009	22.44	30.43	1.65	3.4163
5	3	2009	23.30	29.66	18.02	2.5253
6	3	2009	21.91	29.61	17.36	3.1877
7	3	2009	22.69	29.21	3.47	4.5259
8	3	2009	22.63	30.68	1.08	4.5206
9	3	2009	21.90	29.51	4.41	3.8451
10	3	2009	22.83	28.57	4.84	3.9067
11	3	2009	22.60	30.74	2.75	4.1753
12	3	2009	23.22	29.15	4.38	3.6989
13	3	2009	22.40	29.26	7.05	3.9579
14	3	2009	23.74	30.52	6.05	3.6584
15	3	2009	23.35	30.13	1.62	3.6775
16	3	2009	22.50	29.51	17.43	3.2493
17	3	2009	22.57	27.78	13.49	3.2616
18	3	2009	21.63	28.18	0.26	3.7615
19	3	2009	21.59	30.61	0.54	4.2080
20	3	2009	22.24	30.79	2.87	4.5362
21	3	2009	22.68	30.68	0.23	4.2159
22	3	2009	23.33	29.29	7.21	3.7971
23	3	2009	23.69	29.09	5.50	3.6836
24	3	2009	23.09	30.02	2.75	4.1020
25	3	2009	23.60	29.76	2.42	4.3749
26	3	2009	23.17	29.44	11.78	3.7186
27	3	2009	22.02	29.47	6.31	3.6676
28	3	2009	22.41	27.21	2.93	3.6589
29	3	2009	21.60	29.58	13.09	4.0062
30	3	2009	21.14	30.22	13.70	4.1523
31	3	2009	22.84	28.74	20.51	3.1317
1	4	2009	21.44	30.27	0.37	4.2593
2	4	2009	22.49	29.97	7.42	3.7205
3	4	2009	22.98	29.88	4.72	3.5171
4	4	2009	22.49	28.86	35.50	3.4898
5	4	2009	22.69	27.76	11.83	3.4791
6	4	2009	22.14	29.99	1.01	4.1931
7	4	2009	23.36	30.53	0.09	4.0891
8	4	2009	21.87	30.05	21.29	3.8018
9	4	2009	23.68	26.86	12.37	3.2451
10	4	2009	22.52	28.78	13.54	2.9195
11	4	2009	22.97	27.42	6.17	3.5610
12	4	2009	21.72	25.62	19.83	1.9448
13	4	2009	21.49	28.20	6.11	2.9724
14	4	2009	22.32	28.67	6.73	3.5271
15	4	2009	22.64	28.16	3.50	3.6998
16	4	2009	21.75	30.20	14.11	3.6852
17	4	2009	22.80	30.05	8.74	3.0994
18	4	2009	22.12	29.62	7.77	3.2490
19	4	2009	22.62	28.06	18.58	2.8894
20	4	2009	22.22	29.78	18.50	3.0989
21	4	2009	22.72	29.26	5.81	3.8116
22	4	2009	22.22	25.85	25.91	1.7754
23	4	2009	21.84	29.24	23.56	3.1468
24	4	2009	22.12	28.78	21.79	2.4121
25	4	2009	22.74	28.27	9.18	2.8285
26	4	2009	21.91	29.81	9.38	3.1247
27	4	2009	23.03	27.75	32.70	3.2908
28	4	2009	22.14	28.18	6.17	2.2678
29	4	2009	21.73	30.15	4.21	4.0258
30	4	2009	22.95	29.72	12.42	2.9205
1	5	2009	22.68	29.09	32.77	3.4819
2	5	2009	22.74	28.03	39.51	1.9966
3	5	2009	22.54	25.68	8.62	3.1278
4	5	2009	22.11	28.63	7.06	2.7909
5	5	2009	21.72	28.48	0.16	3.3186
6	5	2009	22.43	29.30	6.58	4.0883
7	5	2009	22.63	26.91	7.45	2.9574
8	5	2009	22.45	29.83	7.55	3.2151
9	5	2009	22.46	26.10	3.34	2.9899
10	5	2009	22.03	29.80	2.84	3.1274
11	5	2009	22.91	26.26	8.85	2.5711
12	5	2009	22.09	29.17	6.23	3.1977
13	5	2009	21.98	28.72	34.13	3.3877
14	5	2009	22.41	28.21	17.37	2.6578
15	5	2009	21.86	28.01	10.14	3.2735
16	5	2009	22.64	27.02	7.34	2.8699
17	5	2009	22.27	27.70	2.60	3.1429
18	5	2009	21.78	29.06	23.75	3.2934
19	5	2009	22.61	27.20	23.08	1.9869
20	5	2009	22.32	28.72	2.18	2.8706
21	5	2009	22.43	28.77	0.01	4.0086
22	5	2009	22.08	29.58	0.01	2.9492
23	5	2009	22.59	29.26	1.27	3.3312
24	5	2009	21.80	25.44	1.48	3.0338
25	5	2009	20.90	29.25	0.11	3.4603
26	5	2009	22.87	28.78	0.17	3.4483
27	5	2009	21.88	29.70	0.14	3.5955
28	5	2009	22.57	29.69	9.33	3.0901
29	5	2009	22.78	29.40	18.52	3.0161
30	5	2009	22.79	27.79	12.36	2.3972
31	5	2009	21.55	28.55	0.91	3.1049
1	6	2009	21.30	29.44	3.62	3.8708
2	6	2009	22.26	29.90	0.39	3.3286
3	6	2009	22.27	29.26	5.42	3.2284
4	6	2009	22.59	28.66	0.52	3.3642
5	6	2009	22.41	28.17	0.26	2.7956
6	6	2009	22.07	28.80	1.48	3.3810
7	6	2009	22.66	28.12	0.25	3.7101
8	6	2009	20.64	28.28	0.21	3.7629
9	6	2009	20.79	27.52	0.03	3.4944
10	6	2009	20.75	27.79	0.10	3.1192
11	6	2009	21.16	28.66	8.77	2.7062
12	6	2009	22.03	28.01	1.32	3.4976
13	6	2009	21.55	28.34	0.00	3.6878
14	6	2009	21.61	29.69	6.04	3.3353
15	6	2009	21.07	28.89	0.94	3.2553
16	6	2009	21.22	28.85	0.01	3.7100
17	6	2009	20.57	28.07	0.00	3.2842
18	6	2009	20.69	29.34	0.24	3.8656
19	6	2009	20.96	29.35	0.00	3.8365
20	6	2009	20.85	28.92	0.00	3.6206
21	6	2009	19.94	29.02	0.00	3.7511
22	6	2009	20.56	28.89	0.00	3.7102
23	6	2009	20.43	28.88	0.00	3.7928
24	6	2009	20.65	29.53	0.14	3.6260
25	6	2009	21.57	28.97	0.05	3.5459
26	6	2009	20.89	29.28	0.09	3.6602
27	6	2009	20.63	29.37	0.05	3.7085
28	6	2009	20.71	29.32	0.00	3.5909
29	6	2009	20.58	29.27	0.00	3.7499
30	6	2009	21.15	29.19	0.02	3.7835
1	7	2009	20.94	29.20	0.08	3.8978
2	7	2009	19.55	29.72	0.00	3.7799
3	7	2009	20.89	29.32	0.00	3.8256
4	7	2009	20.76	29.40	0.01	3.7437
5	7	2009	20.30	28.78	0.00	3.7191
6	7	2009	20.00	28.94	0.00	3.8167
7	7	2009	19.29	28.64	0.00	3.6270
8	7	2009	19.93	28.85	0.00	3.5028
9	7	2009	20.54	28.68	0.00	4.0193
10	7	2009	19.24	28.94	0.00	3.8163
11	7	2009	20.43	29.93	0.00	4.1811
12	7	2009	21.10	29.81	0.00	4.1651
13	7	2009	21.22	29.95	0.90	3.6929
14	7	2009	21.77	30.29	0.03	3.9885
15	7	2009	21.15	29.34	0.01	3.7477
16	7	2009	20.65	29.14	0.00	3.8961
17	7	2009	20.16	29.03	0.00	3.8297
18	7	2009	20.59	29.58	0.00	4.1769
19	7	2009	19.75	29.53	0.00	4.1276
20	7	2009	20.29	30.21	0.12	3.9059
21	7	2009	21.14	30.27	0.12	3.9463
22	7	2009	21.81	30.02	0.01	3.6033
23	7	2009	21.61	29.55	1.82	3.2785
24	7	2009	22.06	29.00	1.80	2.9874
25	7	2009	22.04	29.74	0.26	3.9573
26	7	2009	19.60	30.22	0.00	4.2205
27	7	2009	19.60	30.37	0.00	4.1819
28	7	2009	19.42	30.69	0.00	4.2800
29	7	2009	20.99	30.31	0.00	4.0596
30	7	2009	20.43	30.21	0.00	4.3445
31	7	2009	19.71	30.10	0.00	4.2167
1	8	2009	19.83	29.62	0.00	4.3165
2	8	2009	18.97	30.16	0.00	4.2807
3	8	2009	20.30	30.39	0.00	4.2907
4	8	2009	19.46	29.84	0.00	4.4267
5	8	2009	20.52	29.73	0.00	4.1181
6	8	2009	19.75	30.20	0.00	4.2200
7	8	2009	21.24	30.70	0.00	4.4205
8	8	2009	20.86	30.68	0.00	4.2419
9	8	2009	20.72	30.19	0.00	4.5220
10	8	2009	19.52	31.36	0.00	4.8500
11	8	2009	19.53	31.51	0.00	4.6544
12	8	2009	20.91	31.13	0.00	4.2136
13	8	2009	21.65	30.65	0.00	4.8736
14	8	2009	19.53	30.91	0.00	4.7799
15	8	2009	19.82	30.89	0.00	4.7533
16	8	2009	19.87	31.30	0.04	4.8959
17	8	2009	19.65	31.30	0.00	4.7007
18	8	2009	20.10	31.53	0.00	4.8243
19	8	2009	20.68	31.63	0.00	4.3789
20	8	2009	20.76	31.86	0.15	4.7844
21	8	2009	21.81	32.29	0.08	4.8852
22	8	2009	22.26	31.33	17.26	3.7112
23	8	2009	22.32	30.41	4.27	3.4590
24	8	2009	21.35	30.75	0.01	3.9155
25	8	2009	20.61	31.87	0.00	4.7750
26	8	2009	20.74	31.73	0.00	3.9260
27	8	2009	21.96	31.14	0.00	4.1932
28	8	2009	21.87	31.90	0.00	4.4478
29	8	2009	23.10	31.57	0.24	3.6861
30	8	2009	22.72	31.40	0.30	4.2629
31	8	2009	20.76	31.25	0.00	4.9114
1	9	2009	19.76	32.13	0.00	5.1843
2	9	2009	21.00	32.95	0.00	5.3660
3	9	2009	20.58	32.66	0.00	4.7453
4	9	2009	20.54	33.23	0.00	5.5150
5	9	2009	20.94	33.02	0.01	5.3084
6	9	2009	21.36	32.44	0.00	3.6214
7	9	2009	21.72	32.43	0.00	4.2828
8	9	2009	21.48	32.81	0.00	5.3228
9	9	2009	20.77	32.79	0.00	4.8981
10	9	2009	22.07	32.96	0.00	4.3108
11	9	2009	21.87	32.97	0.00	5.1473
12	9	2009	20.86	34.07	0.00	5.6736
13	9	2009	21.96	33.86	0.00	5.3056
14	9	2009	22.50	34.38	0.00	5.2620
15	9	2009	22.97	33.86	0.00	4.5588
16	9	2009	23.24	33.22	0.00	4.4216
17	9	2009	23.10	32.76	1.71	4.2286
18	9	2009	23.87	33.17	0.21	4.4202
19	9	2009	23.42	33.67	0.00	4.4844
20	9	2009	23.09	33.97	0.00	4.6254
21	9	2009	22.67	34.16	0.00	5.3837
22	9	2009	21.94	33.97	0.00	5.3440
23	9	2009	22.54	33.89	0.00	4.4387
24	9	2009	23.25	35.03	0.00	5.3614
25	9	2009	24.32	35.35	0.20	6.0254
26	9	2009	22.38	34.70	0.08	4.5002
27	9	2009	23.30	34.86	0.00	5.6359
28	9	2009	22.84	34.83	0.00	6.0498
29	9	2009	22.21	35.90	0.00	6.2155
30	9	2009	23.73	35.21	1.80	5.5070
1	10	2009	24.30	34.32	0.26	5.3718
2	10	2009	23.29	36.05	0.00	6.2537
3	10	2009	23.12	35.95	0.00	6.0538
4	10	2009	24.15	36.14	0.00	5.8563
5	10	2009	24.73	35.87	0.00	4.7247
6	10	2009	24.41	35.26	0.24	5.4069
7	10	2009	23.86	35.96	0.49	5.6347
8	10	2009	24.30	35.75	0.20	4.9990
9	10	2009	24.70	31.68	12.60	4.8907
10	10	2009	23.39	33.30	1.05	4.7610
11	10	2009	23.72	33.33	4.63	4.8876
12	10	2009	23.33	31.98	1.25	3.3082
13	10	2009	22.72	33.76	0.04	4.6215
14	10	2009	23.14	34.10	0.34	5.1725
15	10	2009	24.07	31.98	2.72	4.1378
16	10	2009	23.66	33.07	2.07	3.7298
17	10	2009	23.67	33.22	1.21	4.5620
18	10	2009	23.31	35.01	0.01	4.8829
19	10	2009	23.92	35.28	0.30	4.9634
20	10	2009	24.19	34.94	0.36	4.8767
21	10	2009	23.47	36.29	0.00	6.3264
22	10	2009	23.08	36.26	4.52	6.1919
23	10	2009	24.72	35.67	1.43	4.8030
24	10	2009	24.84	32.26	0.45	5.1225
25	10	2009	24.12	31.53	10.55	4.4602
26	10	2009	23.20	33.59	6.01	3.3750
27	10	2009	23.70	34.06	0.05	4.5885
28	10	2009	24.45	33.54	0.14	4.7477
29	10	2009	24.14	33.14	1.33	4.2842
30	10	2009	24.50	33.32	1.10	4.3273
31	10	2009	23.65	35.24	0.00	6.0002
1	11	2009	24.25	34.38	0.00	5.3787
2	11	2009	23.49	34.75	2.13	5.1850
3	11	2009	24.53	33.99	1.08	3.8229
4	11	2009	23.63	33.82	0.04	4.4149
5	11	2009	23.88	32.34	0.00	4.3776
6	11	2009	23.77	36.02	0.00	5.4542
7	11	2009	23.11	35.49	0.51	4.7164
8	11	2009	24.58	36.09	0.07	5.2575
9	11	2009	24.89	34.14	0.00	4.7322
10	11	2009	24.82	35.38	3.88	4.5462
11	11	2009	25.11	33.86	1.32	4.9867
12	11	2009	25.26	36.42	0.00	5.6085
13	11	2009	24.73	35.70	0.02	4.6410
14	11	2009	24.49	30.85	22.03	3.6056
15	11	2009	23.82	33.57	4.84	5.0856
16	11	2009	25.42	33.75	0.15	4.6468
17	11	2009	24.73	34.57	0.03	5.5754
18	11	2009	25.04	34.61	0.05	4.7285
19	11	2009	24.38	34.21	0.21	5.0600
20	11	2009	24.65	34.05	0.44	4.7594
21	11	2009	24.36	35.90	0.03	5.4798
22	11	2009	23.28	36.29	0.00	6.3700
23	11	2009	22.63	36.55	0.00	5.8400
24	11	2009	24.55	36.13	0.00	5.7986
25	11	2009	24.41	35.98	0.97	5.5208
26	11	2009	24.02	36.34	0.25	5.2401
27	11	2009	24.40	35.29	0.00	5.7253
28	11	2009	23.79	37.49	0.00	6.3056
29	11	2009	23.93	36.87	0.55	5.7917
30	11	2009	25.46	35.69	5.96	5.0606
1	12	2009	24.23	32.30	4.07	3.1044
2	12	2009	22.53	28.43	0.02	3.2736
3	12	2009	22.09	34.79	0.00	4.9670
4	12	2009	24.46	34.21	7.43	4.5462
5	12	2009	24.11	29.73	7.17	3.3109
6	12	2009	23.43	28.08	1.95	2.8664
7	12	2009	22.42	32.07	0.17	3.5137
8	12	2009	23.56	32.87	1.87	3.7551
9	12	2009	23.85	32.74	3.28	4.6650
10	12	2009	23.18	33.54	2.50	4.2688
11	12	2009	22.87	33.60	2.28	4.4391
12	12	2009	23.75	32.52	5.94	4.2204
13	12	2009	23.34	32.49	4.93	4.5936
14	12	2009	23.33	32.20	3.17	4.7825
15	12	2009	23.12	32.78	5.39	3.6230
16	12	2009	24.02	29.28	4.28	3.4978
17	12	2009	22.90	32.31	1.62	4.4526
18	12	2009	23.14	29.61	0.15	4.2115
19	12	2009	23.06	31.11	0.00	4.8348
20	12	2009	22.02	32.37	3.13	4.2460
21	12	2009	23.32	29.07	2.21	3.0421
22	12	2009	22.67	28.46	16.86	1.6811
23	12	2009	20.62	30.42	4.08	3.3972
24	12	2009	21.42	31.59	0.53	4.1745
25	12	2009	22.54	30.73	0.08	4.0856
26	12	2009	22.10	30.78	1.21	4.3539
27	12	2009	22.55	29.71	2.14	3.2651
28	12	2009	23.25	29.80	3.64	2.8738
29	12	2009	23.06	31.49	3.29	4.4621
30	12	2009	23.54	31.39	13.35	2.4678
31	12	2009	22.69	27.14	10.60	3.5353
