Day	Month	Year	MinTemp	MaxTemp	Precipitation	ReferenceET
1	1	2017	22.87	29.00	1.49	3.4584
2	1	2017	22.73	29.51	0.59	2.7032
3	1	2017	22.90	29.91	0.69	3.4393
4	1	2017	22.84	30.79	1.42	4.3160
5	1	2017	23.25	30.80	4.12	3.7290
6	1	2017	22.24	31.71	0.72	4.3400
7	1	2017	23.17	30.41	0.23	4.1143
8	1	2017	22.68	30.82	0.25	4.1138
9	1	2017	22.99	28.50	1.43	3.4099
10	1	2017	21.46	32.01	0.13	4.4310
11	1	2017	23.17	32.89	5.63	4.4940
12	1	2017	23.10	30.00	0.56	4.6831
13	1	2017	22.53	32.04	19.22	4.6072
14	1	2017	23.69	27.58	21.19	1.9978
15	1	2017	23.10	30.08	0.64	4.1382
16	1	2017	23.30	29.64	9.59	4.0688
17	1	2017	23.53	28.95	10.37	2.9026
18	1	2017	22.39	26.23	46.70	2.2224
19	1	2017	21.82	28.90	0.05	3.4035
20	1	2017	21.93	30.43	2.31	4.5696
21	1	2017	21.86	30.53	5.71	4.3135
22	1	2017	23.21	30.23	6.96	3.4126
23	1	2017	23.52	27.97	24.44	3.7027
24	1	2017	22.76	26.95	22.03	1.4503
25	1	2017	22.21	29.98	7.26	3.4990
26	1	2017	22.82	29.56	4.34	3.9694
27	1	2017	23.35	28.43	3.07	4.0933
28	1	2017	22.29	29.14	1.60	3.4549
29	1	2017	22.75	28.14	1.59	3.5880
30	1	2017	22.61	27.97	2.63	3.1955
31	1	2017	22.12	27.74	3.11	3.5243
1	2	2017	23.08	26.17	18.92	3.3975
2	2	2017	21.88	28.14	9.89	3.6314
3	2	2017	22.50	30.78	5.86	3.7341
4	2	2017	22.67	29.54	1.25	4.0127
5	2	2017	23.11	30.25	0.95	4.3523
6	2	2017	23.83	27.57	1.95	3.5447
7	2	2017	22.29	29.51	7.11	3.7571
8	2	2017	21.43	30.12	42.81	2.6973
9	2	2017	22.98	30.17	31.75	3.5172
10	2	2017	22.85	26.90	39.30	2.6403
11	2	2017	22.00	28.97	3.63	2.8480
12	2	2017	21.90	28.97	11.04	3.5522
13	2	2017	22.71	27.73	19.19	2.1348
14	2	2017	22.30	26.67	7.18	3.3325
15	2	2017	21.31	29.96	0.58	3.9042
16	2	2017	22.43	26.93	0.86	2.9686
17	2	2017	22.61	29.20	6.93	3.0164
18	2	2017	22.27	26.35	11.05	3.3376
19	2	2017	22.03	29.48	13.88	3.5078
20	2	2017	22.23	29.27	40.80	3.5437
21	2	2017	22.78	27.73	2.09	3.3099
22	2	2017	21.95	28.71	4.64	3.1242
23	2	2017	22.16	29.29	0.94	3.7334
24	2	2017	21.70	30.38	6.13	4.2757
25	2	2017	22.92	28.40	7.83	3.5635
26	2	2017	22.61	28.87	6.37	3.4660
27	2	2017	22.58	30.72	0.02	4.4338
28	2	2017	23.18	28.73	11.77	3.7779
1	3	2017	22.21	27.34	29.79	3.2262
2	3	2017	21.20	29.43	4.04	3.5656
3	3	2017	21.53	29.63	4.85	4.1261
4	3	2017	23.51	29.52	2.77	3.7912
5	3	2017	23.27	30.12	5.38	4.1581
6	3	2017	23.37	30.28	1.07	4.3145
7	3	2017	22.99	28.40	6.20	3.4715
8	3	2017	23.21	29.00	10.60	3.2431
9	3	2017	22.10	30.47	15.48	3.8608
10	3	2017	23.30	28.89	15.52	3.4949
11	3	2017	22.60	30.01	8.82	3.7313
12	3	2017	22.71	29.79	1.15	3.7991
13	3	2017	22.57	30.00	2.57	3.4229
14	3	2017	23.17	30.29	17.00	3.6817
15	3	2017	23.70	28.78	1.71	2.7688
16	3	2017	22.59	27.16	0.69	3.3932
17	3	2017	22.02	27.61	3.16	2.9938
18	3	2017	22.34	28.26	14.88	3.1327
19	3	2017	20.88	31.34	0.55	4.6041
20	3	2017	21.83	31.26	4.21	4.2372
21	3	2017	23.23	27.65	2.91	2.8443
22	3	2017	22.16	29.34	5.13	3.6872
23	3	2017	22.25	29.95	2.34	3.7848
24	3	2017	22.41	31.04	0.11	3.8044
25	3	2017	22.66	30.64	4.52	3.7027
26	3	2017	23.45	29.94	3.06	3.4040
27	3	2017	21.95	29.67	1.25	3.5078
28	3	2017	22.94	29.80	1.15	4.0623
29	3	2017	23.22	31.27	2.52	4.0787
30	3	2017	23.15	31.09	13.61	3.7533
31	3	2017	23.89	30.32	3.02	3.8922
1	4	2017	23.45	30.61	2.93	3.4771
2	4	2017	22.79	30.33	7.52	4.1237
3	4	2017	22.55	30.38	6.52	2.8889
4	4	2017	21.67	30.23	9.74	3.2763
5	4	2017	22.24	30.69	1.35	3.6298
6	4	2017	23.69	29.91	11.70	4.3090
7	4	2017	23.78	30.82	4.30	3.7251
8	4	2017	23.16	31.54	0.33	4.7741
9	4	2017	22.42	31.23	0.63	4.3974
10	4	2017	22.79	29.78	0.38	4.1575
11	4	2017	22.80	31.66	0.38	4.3724
12	4	2017	23.54	27.43	3.21	3.9345
13	4	2017	22.88	29.36	6.74	3.4071
14	4	2017	23.82	29.58	3.13	3.9440
15	4	2017	22.88	30.03	0.96	3.9359
16	4	2017	22.63	30.86	0.35	3.5022
17	4	2017	24.43	29.96	2.02	3.9240
18	4	2017	23.63	29.96	4.91	3.8324
19	4	2017	23.66	29.99	5.51	3.6307
20	4	2017	23.40	30.68	1.83	3.8539
21	4	2017	23.76	30.87	0.04	4.0762
22	4	2017	24.17	31.66	0.00	4.4820
23	4	2017	23.28	31.74	0.43	4.1634
24	4	2017	22.97	30.93	6.97	3.9640
25	4	2017	23.54	28.72	5.82	4.1114
26	4	2017	21.54	31.08	0.47	4.2904
27	4	2017	23.19	30.94	0.52	4.3379
28	4	2017	23.50	31.28	1.85	4.1596
29	4	2017	23.31	29.70	2.05	3.6082
30	4	2017	21.89	30.39	3.95	3.4071
1	5	2017	23.40	29.82	0.43	3.8351
2	5	2017	21.84	28.84	0.18	3.8043
3	5	2017	22.52	31.67	0.01	4.1552
4	5	2017	22.16	31.39	0.19	4.1473
5	5	2017	23.45	30.64	0.22	3.7962
6	5	2017	23.52	30.08	0.03	4.2108
7	5	2017	22.54	32.00	0.08	4.1812
8	5	2017	22.74	31.95	0.07	4.3347
9	5	2017	23.22	31.51	0.20	3.8007
10	5	2017	23.43	30.99	2.07	3.5955
11	5	2017	23.91	31.27	2.58	3.5729
12	5	2017	23.83	30.39	3.84	3.1559
13	5	2017	23.40	31.67	0.01	4.0098
14	5	2017	22.89	32.57	0.00	4.5566
15	5	2017	23.06	32.65	0.00	4.1907
16	5	2017	23.14	32.78	0.00	4.1799
17	5	2017	23.12	32.00	0.12	4.1161
18	5	2017	24.28	29.62	6.48	3.6151
19	5	2017	23.43	30.23	3.28	3.4893
20	5	2017	23.78	31.37	0.42	3.6648
21	5	2017	23.54	32.11	0.12	4.1520
22	5	2017	23.45	32.70	0.02	4.2613
23	5	2017	22.79	32.22	0.40	4.2320
24	5	2017	23.11	32.64	0.51	4.1465
25	5	2017	22.80	33.12	0.24	4.4702
26	5	2017	22.72	32.99	0.19	3.7055
27	5	2017	23.15	32.69	0.82	4.2930
28	5	2017	22.75	30.45	0.14	4.1508
29	5	2017	23.47	31.90	0.12	4.0970
30	5	2017	22.45	33.41	0.02	4.3791
31	5	2017	22.79	34.32	0.00	4.5036
1	6	2017	23.52	34.51	0.04	4.6653
2	6	2017	23.88	33.66	0.05	3.8594
3	6	2017	24.61	31.57	9.08	3.6929
4	6	2017	23.06	30.42	5.98	3.7255
5	6	2017	21.00	32.20	0.00	4.4319
6	6	2017	22.18	32.25	0.00	4.5870
7	6	2017	20.34	32.56	0.02	4.6095
8	6	2017	21.21	33.98	0.00	4.5819
9	6	2017	22.07	34.81	0.00	5.0890
10	6	2017	22.50	35.12	0.02	4.9318
11	6	2017	23.26	32.49	4.71	3.8392
12	6	2017	24.07	31.74	4.59	3.7170
13	6	2017	21.91	32.55	0.08	4.2823
14	6	2017	21.69	33.72	0.00	4.6382
15	6	2017	21.22	34.40	0.00	4.9812
16	6	2017	20.99	33.89	0.00	4.8585
17	6	2017	21.54	33.98	0.00	4.6215
18	6	2017	21.89	35.05	0.00	5.0710
19	6	2017	21.70	35.01	0.00	5.0560
20	6	2017	23.01	35.17	0.08	4.9701
21	6	2017	22.62	35.78	0.01	5.2050
22	6	2017	22.70	35.38	0.00	5.3497
23	6	2017	22.17	35.03	0.00	5.3626
24	6	2017	21.34	35.66	0.00	5.3089
25	6	2017	22.18	35.37	0.00	5.0899
26	6	2017	22.75	35.44	0.00	5.4688
27	6	2017	21.54	34.67	0.00	5.1567
28	6	2017	21.77	34.49	0.00	5.1720
29	6	2017	21.65	35.37	0.00	5.3863
30	6	2017	22.05	34.17	0.04	4.5874
1	7	2017	22.58	34.93	0.07	4.7252
2	7	2017	23.85	32.85	5.55	4.0224
3	7	2017	22.25	33.57	2.76	3.6253
4	7	2017	22.53	33.37	0.16	5.3110
5	7	2017	20.51	33.77	0.00	5.4736
6	7	2017	19.64	34.32	0.00	5.2951
7	7	2017	22.24	34.25	0.00	4.7019
8	7	2017	22.63	35.36	0.00	5.4012
9	7	2017	21.28	34.72	0.00	5.7649
10	7	2017	20.47	35.16	0.00	5.6052
11	7	2017	22.48	35.57	0.00	5.2870
12	7	2017	24.01	35.40	0.00	5.6295
13	7	2017	20.75	36.04	0.00	6.0191
14	7	2017	21.45	35.58	0.00	5.8018
15	7	2017	18.96	34.80	0.00	5.7975
16	7	2017	18.87	34.37	0.00	5.5810
17	7	2017	20.08	36.30	0.00	5.8217
18	7	2017	19.95	35.26	0.00	5.5587
19	7	2017	20.73	33.87	0.00	5.5234
20	7	2017	20.11	36.51	0.01	5.6536
21	7	2017	22.12	36.56	0.01	5.3538
22	7	2017	22.86	35.82	0.00	5.2934
23	7	2017	23.15	36.53	0.00	5.6220
24	7	2017	23.94	35.55	0.00	5.7697
25	7	2017	22.32	36.24	0.00	6.1573
26	7	2017	21.14	35.60	0.00	6.2218
27	7	2017	20.53	35.94	0.00	6.1740
28	7	2017	23.57	35.89	0.00	6.2749
29	7	2017	23.30	36.20	0.00	6.1002
30	7	2017	24.04	36.03	0.00	6.4356
31	7	2017	23.06	36.09	0.00	6.3005
1	8	2017	23.86	36.74	0.00	6.3680
2	8	2017	22.80	34.79	0.00	5.5660
3	8	2017	23.49	37.23	0.02	5.5843
4	8	2017	24.05	37.15	0.05	5.6746
5	8	2017	24.36	36.79	3.76	5.3361
6	8	2017	23.48	35.76	2.23	4.6306
7	8	2017	24.48	36.70	0.20	5.2141
8	8	2017	23.95	37.19	0.01	6.0309
9	8	2017	23.68	37.88	0.09	6.4484
10	8	2017	22.26	37.36	1.32	5.9391
11	8	2017	23.64	37.17	1.04	5.3300
12	8	2017	24.62	36.93	0.22	5.5919
13	8	2017	24.14	37.88	0.00	6.3299
14	8	2017	24.41	38.69	0.03	6.3511
15	8	2017	23.36	38.80	0.06	6.3492
16	8	2017	24.25	37.54	0.01	5.5732
17	8	2017	22.76	38.23	0.00	6.0628
18	8	2017	24.10	38.78	0.00	6.4455
19	8	2017	24.86	39.00	0.00	6.5676
20	8	2017	26.29	37.12	0.23	5.7306
21	8	2017	24.47	38.34	0.80	5.4014
22	8	2017	23.67	37.67	1.92	5.7343
23	8	2017	25.46	38.28	0.16	6.2658
24	8	2017	22.88	37.23	0.00	6.5907
25	8	2017	24.88	36.98	0.00	6.2306
26	8	2017	24.44	38.52	0.00	6.9622
27	8	2017	24.20	38.60	0.01	7.0551
28	8	2017	25.31	38.87	0.00	6.8623
29	8	2017	24.56	39.15	0.00	6.6130
30	8	2017	23.55	39.75	0.00	7.1175
31	8	2017	23.95	40.04	0.00	7.2947
1	9	2017	24.68	39.09	0.00	6.0578
2	9	2017	26.72	38.57	0.05	6.5305
3	9	2017	25.47	38.42	0.00	7.2744
4	9	2017	23.65	37.53	0.00	7.1779
5	9	2017	22.84	37.22	0.10	6.7014
6	9	2017	23.90	38.34	0.00	7.1035
7	9	2017	26.02	38.02	0.00	6.6808
8	9	2017	26.24	39.14	0.00	6.8190
9	9	2017	25.97	39.44	0.00	7.3706
10	9	2017	26.16	39.21	0.00	7.4979
11	9	2017	25.29	39.26	0.00	7.4098
12	9	2017	24.88	37.96	0.00	7.3602
13	9	2017	24.13	37.54	0.00	6.8111
14	9	2017	25.71	38.81	0.00	7.2592
15	9	2017	27.49	39.33	0.00	7.5082
16	9	2017	24.88	38.75	0.00	7.5656
17	9	2017	25.12	38.61	0.00	7.3648
18	9	2017	25.97	39.11	0.00	7.3730
19	9	2017	26.87	39.99	0.00	7.5090
20	9	2017	25.53	40.04	0.12	7.3633
21	9	2017	26.60	39.64	0.13	7.2093
22	9	2017	26.49	38.39	0.11	6.9208
23	9	2017	26.38	38.90	0.00	6.9682
24	9	2017	26.61	39.02	0.00	6.7220
25	9	2017	27.07	38.85	0.09	6.8833
26	9	2017	25.47	39.26	0.05	7.2524
27	9	2017	25.59	39.43	0.02	6.9889
28	9	2017	26.02	40.11	0.00	7.2951
29	9	2017	28.58	40.27	0.24	7.3120
30	9	2017	27.61	38.57	0.23	6.7081
1	10	2017	27.70	40.22	0.00	7.3002
2	10	2017	26.67	39.84	0.00	6.7966
3	10	2017	27.38	38.23	0.00	6.7394
4	10	2017	26.91	40.24	0.16	7.1037
5	10	2017	29.21	40.72	0.00	7.4491
6	10	2017	28.83	39.89	0.00	7.2349
7	10	2017	27.84	39.13	0.00	6.6780
8	10	2017	28.10	38.77	0.00	6.2593
9	10	2017	26.88	36.71	0.00	5.7784
10	10	2017	26.61	37.51	0.00	5.7773
11	10	2017	26.76	39.41	0.00	6.0508
12	10	2017	28.05	38.36	0.03	6.3488
13	10	2017	27.81	40.11	0.00	6.3592
14	10	2017	29.09	38.90	0.00	6.4774
15	10	2017	28.29	39.13	0.09	6.2805
16	10	2017	27.41	37.83	0.72	6.0423
17	10	2017	26.82	40.23	0.10	6.6095
18	10	2017	27.46	39.59	0.10	6.6007
19	10	2017	27.15	37.99	0.76	6.2478
20	10	2017	26.27	39.82	0.03	7.3349
21	10	2017	27.34	39.65	0.00	7.1548
22	10	2017	28.52	40.42	0.00	7.6396
23	10	2017	27.23	39.76	0.06	6.9770
24	10	2017	26.77	40.91	0.01	7.1569
25	10	2017	28.81	38.73	0.26	5.9354
26	10	2017	27.79	35.95	1.72	5.8068
27	10	2017	26.57	32.59	0.25	4.6477
28	10	2017	24.81	38.89	1.33	5.9862
29	10	2017	26.97	39.26	0.08	6.2950
30	10	2017	26.33	39.20	0.86	5.2482
31	10	2017	23.38	26.86	25.30	2.1530
1	11	2017	22.68	32.43	0.06	4.3541
2	11	2017	24.47	35.18	0.06	5.3716
3	11	2017	24.66	34.24	1.17	5.1580
4	11	2017	24.89	35.22	0.10	4.8462
5	11	2017	24.67	37.76	0.01	6.1570
6	11	2017	26.40	36.38	0.02	5.8288
7	11	2017	25.25	34.28	8.01	4.7609
8	11	2017	24.96	31.83	25.33	4.1763
9	11	2017	24.16	33.52	1.18	4.4896
10	11	2017	24.80	34.70	1.10	5.3906
11	11	2017	24.87	31.13	5.41	4.7800
12	11	2017	23.52	33.18	0.13	4.6182
13	11	2017	25.50	31.99	0.22	5.0553
14	11	2017	24.33	30.88	4.33	3.5751
15	11	2017	23.68	30.77	2.31	3.4284
16	11	2017	23.05	29.45	4.44	2.7988
17	11	2017	23.08	32.25	0.94	4.3274
18	11	2017	23.31	33.29	5.35	4.9791
19	11	2017	23.92	30.77	10.84	2.7217
20	11	2017	24.16	33.27	0.02	5.2275
21	11	2017	23.58	35.07	0.15	5.4892
22	11	2017	24.16	34.13	0.92	4.7191
23	11	2017	24.41	32.01	0.49	4.0497
24	11	2017	24.38	32.54	8.31	4.0527
25	11	2017	22.83	30.69	3.72	3.8429
26	11	2017	23.42	34.01	5.07	5.2705
27	11	2017	24.39	34.10	1.20	5.4237
28	11	2017	24.16	35.65	1.26	5.6617
29	11	2017	25.19	34.66	0.86	5.5079
30	11	2017	24.53	30.24	0.50	4.0965
1	12	2017	23.74	29.39	0.35	3.9819
2	12	2017	23.03	36.15	0.00	5.4255
3	12	2017	25.21	36.24	0.32	6.1860
4	12	2017	24.36	38.19	0.04	6.9057
5	12	2017	25.18	38.71	0.00	6.9605
6	12	2017	26.04	38.30	0.00	6.4708
7	12	2017	25.95	35.30	8.20	4.7390
8	12	2017	23.00	26.77	42.35	2.9776
9	12	2017	22.25	32.31	7.43	4.3187
10	12	2017	23.65	30.92	0.82	3.4302
11	12	2017	23.54	31.23	0.06	4.2624
12	12	2017	24.04	29.20	1.89	4.6564
13	12	2017	23.89	29.84	13.62	3.3234
14	12	2017	22.58	26.75	38.95	1.6787
15	12	2017	21.83	29.46	2.41	3.6674
16	12	2017	22.51	28.12	8.36	2.2119
17	12	2017	22.64	29.40	7.86	3.3976
18	12	2017	22.37	29.06	11.31	3.2062
19	12	2017	21.77	27.85	16.95	2.6878
20	12	2017	21.69	30.56	0.23	4.0538
21	12	2017	22.40	31.10	0.11	4.6187
22	12	2017	22.37	31.92	0.07	4.8959
23	12	2017	23.92	28.12	0.31	3.0887
24	12	2017	22.76	27.68	1.25	2.1174
25	12	2017	22.73	28.45	1.05	3.4892
26	12	2017	22.60	30.57	0.06	4.2444
27	12	2017	21.96	31.20	1.67	3.9755
28	12	2017	23.17	26.72	4.26	3.3115
29	12	2017	22.51	30.28	0.26	4.1443
30	12	2017	23.87	31.49	1.39	4.1689
31	12	2017	22.73	31.91	0.25	4.8700
