Day	Month	Year	Tmin(C)	Tmax(C)	Prcp(mm)	Et0(mm)
1	1	2021	25.00	29.40	0.00	4.74
2	1	2021	24.80	31.60	0.00	9.54
3	1	2021	26.20	31.60	0.00	13.09
4	1	2021	25.10	30.70	0.00	10.06
5	1	2021	25.00	32.50	0.00	9.27
6	1	2021	24.80	32.40	0.00	9.79
7	1	2021	24.80	32.20	0.00	12.52
8	1	2021	26.00	32.50	0.00	10.99
9	1	2021	25.80	32.10	0.00	10.08
10	1	2021	26.30	32.50	0.00	8.25
11	1	2021	25.60	31.70	0.00	8.11
12	1	2021	25.50	31.10	0.00	8.35
13	1	2021	24.50	32.20	0.00	9.22
14	1	2021	25.60	31.80	0.00	6.36
15	1	2021	25.80	32.30	0.00	6.33
16	1	2021	24.40	32.80	0.00	8.14
17	1	2021	23.10	31.00	0.00	6.04
18	1	2021	23.30	27.80	0.00	0.67
19	1	2021	24.40	29.50	0.00	11.29
20	1	2021	23.20	27.70	0.00	3.65
21	1	2021	22.80	30.70	0.00	7.36
22	1	2021	25.30	31.00	0.00	11.64
23	1	2021	24.20	30.80	0.00	10.97
24	1	2021	22.20	29.80	0.00	3.50
25	1	2021	25.10	28.90	0.00	2.50
26	1	2021	24.30	29.00	0.00	4.29
27	1	2021	24.30	30.90	0.00	8.82
28	1	2021	23.00	31.50	0.00	4.49
29	1	2021	22.20	30.00	0.00	1.62
30	1	2021	25.90	31.50	0.00	6.38
31	1	2021	23.40	32.00	0.00	9.12
1	2	2021	26.00	31.00	0.00	12.67
2	2	2021	24.80	31.90	0.00	9.39
3	2	2021	23.60	32.00	0.00	9.90
4	2	2021	25.70	31.90	0.00	9.67
5	2	2021	24.60	31.70	0.00	9.62
6	2	2021	25.60	32.20	0.00	14.26
7	2	2021	24.40	34.90	0.00	15.25
8	2	2021	26.10	31.70	0.00	8.33
9	2	2021	24.80	29.40	0.00	2.78
10	2	2021	25.20	28.90	0.00	1.63
11	2	2021	24.60	29.20	0.00	0.62
12	2	2021	23.40	29.70	0.00	2.86
13	2	2021	24.90	31.20	0.00	2.90
14	2	2021	25.60	31.90	0.00	1.26
15	2	2021	25.50	28.40	0.00	0.79
16	2	2021	23.50	25.80	0.00	3.05
17	2	2021	23.20	25.50	0.00	3.66
18	2	2021	23.80	27.80	0.00	2.00
19	2	2021	22.40	27.30	0.00	1.96
20	2	2021	23.80	29.70	0.00	3.48
21	2	2021	23.80	29.40	0.00	1.98
22	2	2021	22.50	26.80	0.00	1.18
23	2	2021	22.60	29.00	0.00	0.76
24	2	2021	23.70	29.70	0.00	0.84
25	2	2021	24.20	30.30	0.00	1.20
26	2	2021	24.30	29.80	0.00	1.09
27	2	2021	23.90	29.20	0.00	0.58
28	2	2021	23.50	30.30	0.00	3.47
1	3	2021	23.80	29.90	0.00	3.23
2	3	2021	22.40	30.10	0.00	2.56
3	3	2021	24.80	31.80	0.00	1.37
4	3	2021	23.60	29.70	0.00	0.89
5	3	2021	24.70	31.30	0.00	3.84
6	3	2021	23.30	28.40	0.00	0.53
7	3	2021	23.90	29.50	0.00	0.81
8	3	2021	24.40	30.90	0.00	0.86
9	3	2021	23.20	29.60	0.00	0.67
10	3	2021	23.50	28.60	0.00	1.16
11	3	2021	23.90	28.40	0.00	1.92
12	3	2021	24.00	29.00	0.00	3.44
13	3	2021	24.30	30.10	0.00	0.85
14	3	2021	24.10	29.50	0.00	0.84
15	3	2021	21.20	26.30	0.00	2.44
16	3	2021	23.10	29.60	0.00	2.45
17	3	2021	23.30	27.50	0.00	2.19
18	3	2021	23.00	27.80	0.00	3.68
19	3	2021	22.90	26.60	0.00	1.44
20	3	2021	22.70	28.70	0.00	1.93
21	3	2021	23.30	28.70	0.00	0.56
22	3	2021	21.30	27.70	0.00	2.01
23	3	2021	23.20	29.50	0.00	0.64
24	3	2021	23.60	27.60	0.00	0.59
25	3	2021	23.00	26.10	0.00	0.53
26	3	2021	22.50	27.30	0.00	3.68
27	3	2021	22.30	28.80	0.00	0.74
28	3	2021	23.20	29.40	0.00	0.70
29	3	2021	23.50	28.70	0.00	0.64
30	3	2021	23.80	29.90	0.00	0.75
31	3	2021	24.50	28.10	0.00	0.60
1	4	2021	24.30	29.70	0.00	0.65
2	4	2021	23.70	31.80	0.00	0.79
3	4	2021	24.50	30.10	0.00	0.65
4	4	2021	24.00	30.40	0.00	0.55
5	4	2021	24.70	31.50	0.00	1.00
6	4	2021	24.20	32.90	0.00	1.03
7	4	2021	24.50	30.50	0.00	0.57
8	4	2021	24.00	31.80	0.00	0.63
9	4	2021	24.10	32.50	0.00	0.96
10	4	2021	24.70	32.70	0.00	0.96
11	4	2021	24.00	28.90	0.00	0.64
12	4	2021	24.30	32.20	0.00	0.85
13	4	2021	24.80	31.50	0.00	0.82
14	4	2021	25.80	31.80	0.00	1.00
15	4	2021	25.10	32.20	0.00	0.85
16	4	2021	24.10	31.50	0.00	0.87
17	4	2021	25.20	28.90	0.00	0.80
18	4	2021	25.10	29.10	0.00	0.64
19	4	2021	23.80	27.60	0.00	0.52
20	4	2021	23.10	29.00	0.00	0.59
21	4	2021	23.60	30.10	0.00	1.41
22	4	2021	24.50	30.20	0.00	0.66
23	4	2021	24.80	31.10	0.00	0.57
24	4	2021	23.60	30.70	0.00	0.54
25	4	2021	23.50	30.30	0.00	0.62
26	4	2021	23.80	30.20	0.00	0.73
27	4	2021	24.00	30.60	0.00	0.79
28	4	2021	24.60	29.20	0.00	0.70
29	4	2021	24.30	30.80	0.00	0.72
30	4	2021	23.90	31.30	0.00	0.60
1	5	2021	21.80	27.00	0.00	2.43
2	5	2021	22.90	29.80	0.00	0.62
3	5	2021	24.10	31.00	0.00	0.50
4	5	2021	23.90	29.50	0.00	0.70
5	5	2021	23.10	30.20	0.00	0.63
6	5	2021	22.80	28.40	0.00	1.00
7	5	2021	24.10	29.30	0.00	0.68
8	5	2021	24.10	30.70	0.00	0.65
9	5	2021	24.00	30.70	0.00	0.66
10	5	2021	24.10	30.90	0.00	0.61
11	5	2021	24.90	31.40	0.00	0.59
12	5	2021	23.90	31.80	0.00	0.67
13	5	2021	24.90	30.70	0.00	0.60
14	5	2021	24.70	30.90	0.00	0.56
15	5	2021	23.70	29.20	0.00	0.65
16	5	2021	23.80	32.20	0.00	0.65
17	5	2021	25.30	30.10	0.00	0.53
18	5	2021	24.40	30.80	0.00	0.61
19	5	2021	24.20	30.60	0.00	0.69
20	5	2021	24.80	30.70	0.00	0.61
21	5	2021	25.70	31.40	0.00	0.79
22	5	2021	24.60	31.90	0.00	0.86
23	5	2021	25.30	32.80	0.00	0.94
24	5	2021	25.10	32.90	0.00	0.90
25	5	2021	25.10	33.50	0.00	0.93
26	5	2021	24.60	32.30	0.00	0.84
27	5	2021	25.20	33.20	0.00	0.91
28	5	2021	24.50	32.80	0.00	0.74
29	5	2021	24.10	31.20	0.00	0.58
30	5	2021	23.80	30.70	0.00	0.60
31	5	2021	24.60	30.80	0.00	0.63
1	6	2021	24.50	30.90	0.00	0.56
2	6	2021	24.40	30.80	0.00	0.71
3	6	2021	25.10	30.30	0.00	0.68
4	6	2021	24.20	31.10	0.00	0.79
5	6	2021	24.40	31.80	0.00	0.88
6	6	2021	25.10	31.00	0.00	0.59
7	6	2021	23.40	29.60	0.00	0.58
8	6	2021	24.10	28.80	0.00	0.50
9	6	2021	24.40	30.20	0.00	0.62
10	6	2021	24.50	28.90	0.00	0.52
11	6	2021	23.40	29.20	0.00	0.43
12	6	2021	22.50	26.70	0.00	0.52
13	6	2021	22.90	29.30	0.00	0.75
14	6	2021	24.20	28.90	0.00	0.56
15	6	2021	24.40	29.20	0.00	0.65
16	6	2021	24.00	29.80	0.00	0.75
17	6	2021	24.30	29.80	0.00	0.60
18	6	2021	22.00	29.60	0.00	0.72
19	6	2021	23.40	29.50	0.00	0.58
20	6	2021	23.80	30.70	0.00	0.73
21	6	2021	24.50	30.80	0.00	0.77
22	6	2021	23.50	30.50	0.00	0.77
23	6	2021	24.20	29.90	0.00	0.98
24	6	2021	24.10	30.30	0.00	1.04
25	6	2021	23.80	30.70	0.00	0.79
26	6	2021	23.60	30.00	0.00	0.89
27	6	2021	23.00	29.60	0.00	0.55
28	6	2021	23.10	30.20	0.00	0.54
29	6	2021	22.90	29.70	0.00	0.65
30	6	2021	22.60	30.10	0.00	0.68
1	7	2021	23.60	30.50	0.00	0.59
2	7	2021	24.30	28.00	0.00	0.65
3	7	2021	23.30	30.40	0.00	0.72
4	7	2021	23.80	29.90	0.00	0.65
5	7	2021	23.90	30.50	0.00	0.63
6	7	2021	23.40	29.90	0.00	0.58
7	7	2021	23.00	29.80	0.00	0.60
8	7	2021	23.90	29.80	0.00	0.66
9	7	2021	24.20	29.00	0.00	0.63
10	7	2021	24.80	30.70	0.00	0.87
11	7	2021	24.70	31.00	0.00	1.01
12	7	2021	24.60	30.70	0.00	0.76
13	7	2021	25.00	31.70	0.00	0.88
14	7	2021	23.90	31.20	0.00	0.82
15	7	2021	23.70	31.10	0.00	0.75
16	7	2021	24.00	30.20	0.00	0.74
17	7	2021	24.10	30.70	0.00	0.96
18	7	2021	24.30	29.90	0.00	0.75
19	7	2021	24.60	30.10	0.00	0.79
20	7	2021	24.30	30.00	0.00	0.76
21	7	2021	23.80	30.10	0.00	0.76
22	7	2021	24.30	32.10	0.00	0.89
23	7	2021	24.40	31.70	0.00	0.95
24	7	2021	23.30	31.10	0.00	0.84
25	7	2021	23.30	31.40	0.00	0.78
26	7	2021	23.20	30.60	0.00	0.72
27	7	2021	24.30	31.40	0.00	0.87
28	7	2021	25.00	30.70	0.00	0.93
29	7	2021	24.20	30.60	0.00	0.93
30	7	2021	23.80	29.70	0.00	0.87
31	7	2021	24.00	31.20	0.00	0.76
1	8	2021	23.50	31.40	0.00	0.92
2	8	2021	22.80	31.90	0.00	0.98
3	8	2021	22.90	30.60	0.00	0.60
4	8	2021	23.00	30.90	0.00	0.62
5	8	2021	23.10	30.90	0.00	0.63
6	8	2021	23.60	31.10	0.00	0.60
7	8	2021	23.70	30.40	0.00	0.66
8	8	2021	24.10	32.20	0.00	0.84
9	8	2021	24.80	31.80	0.00	1.10
10	8	2021	24.80	30.80	0.00	0.79
11	8	2021	25.20	30.10	0.00	0.69
12	8	2021	23.80	30.10	0.00	0.79
13	8	2021	22.70	30.60	0.00	1.11
14	8	2021	24.70	30.50	0.00	0.80
15	8	2021	23.10	30.70	0.00	0.95
16	8	2021	24.20	30.50	0.00	0.99
17	8	2021	24.10	30.30	0.00	0.97
18	8	2021	24.30	31.50	0.00	0.99
19	8	2021	24.10	30.90	0.00	0.90
20	8	2021	23.30	31.30	0.00	0.82
21	8	2021	25.10	32.10	0.00	1.12
22	8	2021	25.00	31.10	0.00	1.29
23	8	2021	24.80	31.60	0.00	1.27
24	8	2021	24.40	30.90	0.00	1.07
25	8	2021	24.60	31.00	0.00	1.36
26	8	2021	25.40	31.20	0.00	0.99
27	8	2021	24.90	31.70	0.00	1.28
28	8	2021	25.40	31.50	0.00	1.81
29	8	2021	24.10	32.90	0.00	1.47
30	8	2021	25.70	31.30	0.00	1.55
31	8	2021	25.70	30.80	0.00	1.51
1	9	2021	25.10	30.30	0.00	1.39
2	9	2021	24.50	30.50	0.00	1.01
3	9	2021	24.10	30.90	0.00	1.15
4	9	2021	26.00	31.30	0.00	1.80
5	9	2021	25.60	31.50	0.00	1.80
6	9	2021	24.60	31.00	0.00	1.36
7	9	2021	24.60	30.50	0.00	1.25
8	9	2021	24.80	30.70	0.00	1.35
9	9	2021	25.20	31.30	0.00	1.39
10	9	2021	25.00	31.00	0.00	1.50
11	9	2021	24.80	31.30	0.00	1.38
12	9	2021	25.60	31.10	0.00	1.64
13	9	2021	23.80	31.70	0.00	2.35
14	9	2021	25.50	30.90	0.00	1.40
15	9	2021	25.10	31.70	0.00	1.39
16	9	2021	25.40	32.00	0.00	1.65
17	9	2021	24.00	30.10	0.00	3.08
18	9	2021	25.30	31.70	0.00	1.42
19	9	2021	25.50	31.10	0.00	1.50
20	9	2021	25.20	31.10	0.00	1.40
21	9	2021	24.60	31.60	0.00	1.41
22	9	2021	25.20	31.50	0.00	1.44
23	9	2021	25.00	31.10	0.00	1.44
24	9	2021	25.20	30.80	0.00	1.57
25	9	2021	24.60	31.80	0.00	1.90
26	9	2021	24.40	31.90	0.00	3.72
27	9	2021	25.30	32.00	0.00	2.80
28	9	2021	26.00	31.00	0.00	3.99
29	9	2021	25.00	30.40	0.00	2.08
30	9	2021	25.10	31.70	0.00	1.79
1	10	2021	26.10	31.10	0.00	4.35
2	10	2021	25.20	31.10	0.00	3.41
3	10	2021	24.90	32.30	0.00	4.10
4	10	2021	25.90	31.70	0.00	11.44
5	10	2021	25.50	31.70	0.00	10.69
6	10	2021	24.90	30.80	0.00	10.75
7	10	2021	25.60	30.40	0.00	11.07
8	10	2021	25.40	31.70	0.00	11.48
9	10	2021	24.40	30.30	0.00	9.15
10	10	2021	26.10	31.60	0.00	9.20
11	10	2021	25.20	32.00	0.00	13.77
12	10	2021	25.30	31.80	0.00	11.39
13	10	2021	25.50	31.40	0.00	14.23
14	10	2021	25.10	31.30	0.00	14.90
15	10	2021	25.60	32.20	0.00	12.57
16	10	2021	26.10	32.20	0.00	5.04
17	10	2021	25.80	31.90	0.00	6.68
18	10	2021	26.10	30.60	0.00	8.26
19	10	2021	25.20	32.20	0.00	8.35
20	10	2021	25.30	31.50	0.00	8.45
21	10	2021	26.00	30.70	0.00	6.74
22	10	2021	24.70	31.40	0.00	12.67
23	10	2021	25.60	31.00	0.00	16.06
24	10	2021	25.10	33.00	0.00	11.38
25	10	2021	24.60	32.90	0.00	13.99
26	10	2021	26.50	32.40	0.00	14.57
27	10	2021	26.60	32.40	0.00	10.19
28	10	2021	24.30	29.50	0.00	7.35
29	10	2021	25.80	30.10	0.00	1.15
30	10	2021	25.80	30.60	0.00	1.70
31	10	2021	25.00	30.60	0.00	3.19
1	11	2021	26.10	31.70	0.00	2.70
2	11	2021	26.30	32.10	0.00	6.51
3	11	2021	25.00	31.30	0.00	12.99
4	11	2021	25.60	31.20	0.00	9.35
5	11	2021	24.70	31.80	0.00	9.51
6	11	2021	24.60	31.40	0.00	14.53
7	11	2021	24.90	30.90	0.00	10.83
8	11	2021	24.50	31.60	0.00	8.88
9	11	2021	26.20	29.70	0.00	1.31
10	11	2021	24.10	31.00	0.00	4.95
11	11	2021	24.50	32.10	0.00	13.88
12	11	2021	25.50	30.90	0.00	11.54
13	11	2021	25.00	31.00	0.00	13.86
14	11	2021	26.40	30.50	0.00	15.04
15	11	2021	23.80	30.90	0.00	3.24
16	11	2021	25.80	32.20	0.00	1.43
17	11	2021	25.90	32.00	0.00	1.52
18	11	2021	23.40	31.20	0.00	1.21
19	11	2021	23.40	31.80	0.00	1.33
20	11	2021	26.30	30.60	0.00	1.50
21	11	2021	26.10	31.70	0.00	1.48
22	11	2021	25.70	30.50	0.00	1.44
23	11	2021	26.00	31.10	0.00	1.28
24	11	2021	25.00	31.30	0.00	3.64
25	11	2021	26.20	32.10	0.00	1.69
26	11	2021	24.70	31.40	0.00	2.78
27	11	2021	25.80	30.90	0.00	1.26
28	11	2021	25.80	31.90	0.00	1.37
29	11	2021	26.00	32.40	0.00	1.34
30	11	2021	26.30	32.70	0.00	2.36
1	12	2021	25.30	32.40	0.00	4.75
2	12	2021	25.20	32.40	0.00	8.91
3	12	2021	25.80	31.40	0.00	5.87
4	12	2021	25.50	32.20	0.00	1.23
5	12	2021	25.70	32.50	0.00	4.21
6	12	2021	26.10	32.40	0.00	1.92
7	12	2021	26.60	32.80	0.00	7.72
8	12	2021	26.60	33.00	0.00	14.29
9	12	2021	25.10	33.10	0.00	15.45
10	12	2021	26.80	31.70	0.00	16.12
11	12	2021	26.50	32.30	0.00	17.56
12	12	2021	26.40	32.30	0.00	17.22
13	12	2021	26.20	32.20	0.00	17.06
14	12	2021	26.40	31.80	0.00	18.20
15	12	2021	26.60	32.70	0.00	18.81
16	12	2021	25.80	29.00	0.00	10.83
17	12	2021	26.20	31.70	0.00	1.47
18	12	2021	25.90	29.80	0.00	1.54
19	12	2021	26.20	31.10	0.00	1.58
20	12	2021	26.40	31.40	0.00	1.49
21	12	2021	25.80	30.60	0.00	1.57
22	12	2021	26.00	32.10	0.00	1.61
23	12	2021	26.40	32.40	0.00	3.09
24	12	2021	25.20	30.60	0.00	9.66
25	12	2021	26.10	30.50	0.00	14.17
26	12	2021	24.20	27.60	0.00	9.33
27	12	2021	25.40	31.40	0.00	1.35
28	12	2021	26.00	31.30	0.00	1.26
29	12	2021	24.70	31.10	0.00	5.21
30	12	2021	22.90	29.00	0.00	1.67
31	12	2021	24.00	27.60	0.00	1.91
1	1	2022	23.20	25.80	0.00	1.09
2	1	2022	23.50	29.60	0.00	0.88
3	1	2022	24.20	28.20	0.00	0.71
4	1	2022	23.10	29.90	0.00	3.18
5	1	2022	23.80	26.60	0.00	0.49
6	1	2022	23.60	29.80	0.00	1.76
7	1	2022	24.00	31.20	0.00	1.68
8	1	2022	23.90	30.40	0.00	2.72
9	1	2022	23.70	30.50	0.00	2.86
10	1	2022	22.70	28.20	0.00	2.81
11	1	2022	21.30	29.00	0.00	0.71
12	1	2022	23.00	29.50	0.00	0.87
13	1	2022	23.80	30.50	0.00	0.68
14	1	2022	23.70	31.20	0.00	0.88
15	1	2022	22.80	28.80	0.00	0.59
16	1	2022	22.40	29.80	0.00	0.82
17	1	2022	23.90	30.30	0.00	0.62
18	1	2022	24.10	29.60	0.00	0.79
19	1	2022	25.20	30.70	0.00	0.83
20	1	2022	24.60	31.20	0.00	1.11
21	1	2022	24.80	30.80	0.00	0.86
22	1	2022	22.40	29.90	0.00	0.78
23	1	2022	23.60	29.30	0.00	2.43
24	1	2022	24.00	30.40	0.00	0.91
25	1	2022	24.90	30.50	0.00	0.91
26	1	2022	24.60	30.50	0.00	0.87
27	1	2022	22.50	26.30	0.00	0.68
28	1	2022	23.20	26.50	0.00	0.71
29	1	2022	22.50	28.80	0.00	0.64
30	1	2022	22.70	30.60	0.00	0.79
31	1	2022	23.80	31.40	0.00	0.86
1	2	2022	25.10	30.60	0.00	0.91
2	2	2022	25.20	29.90	0.00	1.04
3	2	2022	24.10	29.80	0.00	0.94
4	2	2022	24.80	28.60	0.00	0.61
5	2	2022	23.90	27.10	0.00	0.56
6	2	2022	23.60	29.20	0.00	0.63
7	2	2022	24.10	28.60	0.00	0.63
8	2	2022	23.80	29.70	0.00	0.81
9	2	2022	24.60	29.20	0.00	0.81
10	2	2022	22.70	28.60	0.00	0.68
11	2	2022	24.30	29.40	0.00	0.88
12	2	2022	25.40	30.50	0.00	1.07
13	2	2022	25.40	30.30	0.00	0.91
14	2	2022	22.70	28.80	0.00	0.65
15	2	2022	25.00	29.30	0.00	0.75
16	2	2022	25.00	28.40	0.00	0.99
17	2	2022	23.40	30.00	0.00	0.74
18	2	2022	22.90	29.80	0.00	0.91
19	2	2022	24.30	29.20	0.00	0.71
20	2	2022	23.70	29.50	0.00	0.56
21	2	2022	23.50	31.40	0.00	1.00
22	2	2022	25.00	31.00	0.00	1.11
23	2	2022	25.50	31.30	0.00	1.43
24	2	2022	24.60	31.70	0.00	1.01
25	2	2022	23.40	29.50	0.00	0.74
26	2	2022	24.90	30.60	0.00	1.07
27	2	2022	24.90	30.50	0.00	0.86
28	2	2022	24.40	30.30	0.00	0.57
1	3	2022	23.10	30.10	0.00	0.60
2	3	2022	23.90	29.50	0.00	0.61
3	3	2022	24.00	29.30	0.00	0.52
4	3	2022	21.70	29.70	0.00	0.67
5	3	2022	22.30	27.60	0.00	0.53
6	3	2022	23.60	27.30	0.00	0.46
7	3	2022	23.20	25.40	0.00	0.46
8	3	2022	22.30	30.20	0.00	0.72
9	3	2022	22.90	29.00	0.00	0.75
10	3	2022	23.60	26.70	0.00	0.50
11	3	2022	22.60	27.90	0.00	0.67
12	3	2022	22.50	28.60	0.00	0.73
13	3	2022	23.90	29.30	0.00	0.64
14	3	2022	23.50	28.90	0.00	0.63
15	3	2022	23.20	28.00	0.00	0.58
16	3	2022	22.10	26.80	0.00	0.53
17	3	2022	23.20	29.20	0.00	0.60
18	3	2022	23.10	28.50	0.00	0.53
19	3	2022	22.40	27.70	0.00	0.60
20	3	2022	23.20	27.80	0.00	0.52
21	3	2022	23.50	29.50	0.00	0.67
22	3	2022	23.00	27.20	0.00	0.50
23	3	2022	23.20	27.30	0.00	0.51
24	3	2022	22.80	28.10	0.00	0.58
25	3	2022	23.10	28.80	0.00	0.54
26	3	2022	21.60	28.80	0.00	0.71
27	3	2022	23.50	28.90	0.00	0.65
28	3	2022	23.80	27.30	0.00	0.50
29	3	2022	22.80	28.60	0.00	0.46
30	3	2022	22.00	28.30	0.00	0.54
31	3	2022	22.70	27.90	0.00	0.83
1	4	2022	23.40	28.40	0.00	5.13
2	4	2022	23.30	29.70	0.40	10.74
3	4	2022	23.90	28.00	11.20	2.68
4	4	2022	23.30	26.40	12.20	1.88
5	4	2022	23.00	25.50	16.20	1.53
6	4	2022	22.80	28.30	23.00	2.76
7	4	2022	22.50	29.10	5.80	3.67
8	4	2022	22.70	27.80	6.80	2.10
9	4	2022	22.30	27.80	2.80	2.63
10	4	2022	21.60	27.80	33.80	3.15
11	4	2022	22.60	27.60	2.40	2.80
12	4	2022	23.00	28.70	1.40	4.08
13	4	2022	24.20	29.30	0.00	3.65
14	4	2022	23.40	29.50	0.00	4.10
15	4	2022	23.60	27.60	14.60	2.32
16	4	2022	23.30	28.00	20.00	2.71
17	4	2022	23.00	26.90	6.40	2.07
18	4	2022	22.70	27.80	10.40	2.99
19	4	2022	22.90	28.40	18.00	3.33
20	4	2022	23.40	28.10	30.00	2.61
21	4	2022	23.00	30.40	0.20	4.24
22	4	2022	23.80	29.20	0.60	2.98
23	4	2022	22.20	27.40	14.80	2.35
24	4	2022	22.00	30.40	28.20	4.29
25	4	2022	22.20	29.90	9.80	2.97
26	4	2022	22.70	30.50	0.80	3.30
27	4	2022	23.20	29.40	1.00	2.61
28	4	2022	23.30	30.30	8.00	3.65
29	4	2022	22.90	29.70	0.00	4.02
30	4	2022	22.70	30.00	36.00	3.06
1	5	2022	23.40	29.40	43.60	2.53
2	5	2022	23.40	29.10	3.40	2.73
3	5	2022	23.20	28.20	32.60	2.30
4	5	2022	22.90	29.50	7.20	2.52
5	5	2022	23.00	29.10	20.00	2.82
6	5	2022	22.30	30.00	1.80	3.58
7	5	2022	23.60	30.00	24.80	2.93
8	5	2022	22.70	29.50	10.20	3.95
9	5	2022	22.70	27.10	50.20	2.42
10	5	2022	21.80	27.00	3.40	1.93
11	5	2022	22.50	28.50	11.20	2.95
12	5	2022	23.10	28.70	0.20	3.41
13	5	2022	23.90	28.90	5.80	3.34
14	5	2022	23.90	29.80	3.80	3.00
15	5	2022	24.10	30.10	0.00	3.48
16	5	2022	24.60	31.20	0.00	4.32
17	5	2022	23.70	30.50	0.00	3.28
18	5	2022	24.30	29.80	0.20	2.43
19	5	2022	24.30	29.50	1.40	3.42
20	5	2022	23.40	28.80	17.00	3.14
21	5	2022	22.60	29.50	11.00	3.35
22	5	2022	22.80	29.90	23.40	3.13
23	5	2022	22.50	29.00	4.40	2.23
24	5	2022	21.50	27.90	29.80	2.20
25	5	2022	23.50	30.40	0.20	4.05
26	5	2022	23.40	31.10	0.00	3.71
27	5	2022	23.00	28.60	16.40	2.66
28	5	2022	22.60	29.50	21.80	2.93
29	5	2022	23.50	27.70	8.20	2.85
30	5	2022	22.80	29.30	0.20	3.60
31	5	2022	23.60	29.70	6.40	3.20
1	6	2022	23.50	30.50	0.00	3.74
2	6	2022	24.00	30.00	0.00	3.45
3	6	2022	23.80	29.70	2.80	3.18
4	6	2022	23.00	28.00	22.20	2.78
5	6	2022	23.20	29.00	2.00	2.84
6	6	2022	23.10	28.00	7.00	2.77
7	6	2022	23.10	30.20	18.60	3.17
8	6	2022	22.90	29.10	0.00	2.93
9	6	2022	23.60	28.60	0.60	3.28
10	6	2022	23.80	30.30	0.00	3.90
11	6	2022	23.50	30.10	2.80	3.65
12	6	2022	23.40	30.30	0.00	4.09
13	6	2022	22.60	30.60	0.00	3.98
14	6	2022	24.30	30.40	0.00	3.92
15	6	2022	22.90	31.20	0.20	4.34
16	6	2022	22.90	31.60	0.40	3.86
17	6	2022	23.60	31.70	0.00	3.88
18	6	2022	22.70	31.40	0.00	3.72
19	6	2022	23.60	31.00	0.00	3.09
20	6	2022	23.80	31.20	0.40	3.49
21	6	2022	23.20	30.70	46.00	2.98
22	6	2022	21.90	30.60	0.20	3.28
23	6	2022	23.60	31.60	0.00	4.37
24	6	2022	23.50	30.30	0.00	3.33
25	6	2022	23.60	31.70	10.60	3.89
26	6	2022	24.60	29.80	1.60	2.22
27	6	2022	23.80	30.70	17.80	2.66
28	6	2022	24.00	29.80	2.60	3.17
29	6	2022	24.40	31.40	0.00	3.57
30	6	2022	24.20	31.00	0.00	3.98
1	7	2022	23.60	30.30	0.00	3.81
2	7	2022	24.30	30.20	1.00	3.37
3	7	2022	24.80	29.30	6.80	2.96
4	7	2022	24.20	30.20	1.00	3.63
5	7	2022	24.40	29.80	0.20	3.44
6	7	2022	24.10	31.20	0.00	3.15
7	7	2022	24.20	29.20	3.40	2.52
8	7	2022	23.20	31.40	0.20	3.99
9	7	2022	23.70	31.60	0.00	3.83
10	7	2022	24.20	31.50	0.00	3.61
11	7	2022	24.10	31.90	0.00	4.12
12	7	2022	23.80	29.40	0.20	1.97
13	7	2022	23.90	30.10	0.00	3.00
14	7	2022	25.20	30.60	3.60	3.52
15	7	2022	23.00	29.00	5.00	2.44
16	7	2022	23.30	31.30	0.20	3.85
17	7	2022	23.10	31.30	24.20	3.32
18	7	2022	24.60	30.40	0.00	3.30
19	7	2022	23.80	31.90	0.20	4.14
20	7	2022	22.80	31.70	0.00	3.74
21	7	2022	23.20	30.40	0.00	3.70
22	7	2022	23.40	32.10	0.00	4.17
23	7	2022	24.00	30.80	0.00	3.74
24	7	2022	24.20	31.00	0.20	3.41
25	7	2022	22.10	31.10	36.60	2.98
26	7	2022	23.40	30.70	0.20	3.85
27	7	2022	22.80	30.50	6.00	3.30
28	7	2022	23.20	31.10	0.00	4.04
29	7	2022	23.40	30.80	17.80	4.38
30	7	2022	23.40	29.60	0.40	3.17
31	7	2022	23.30	29.50	24.40	2.36
1	8	2022	23.50	27.20	13.80	1.93
2	8	2022	23.30	30.20	0.00	4.03
3	8	2022	23.70	30.50	0.00	3.79
4	8	2022	25.20	30.40	0.00	4.31
5	8	2022	24.00	30.90	0.00	4.56
6	8	2022	23.80	30.90	0.00	4.05
7	8	2022	23.90	31.40	0.00	4.08
8	8	2022	24.40	30.70	0.20	4.33
9	8	2022	23.80	31.10	0.00	4.23
10	8	2022	24.70	30.10	0.00	4.08
11	8	2022	24.40	30.50	0.00	4.45
12	8	2022	23.20	30.50	0.00	4.00
13	8	2022	24.70	30.40	0.00	4.31
14	8	2022	24.20	32.80	0.00	4.51
15	8	2022	22.70	31.50	0.00	3.93
16	8	2022	23.00	31.40	0.20	4.13
17	8	2022	23.20	30.90	0.00	3.98
18	8	2022	23.90	30.70	0.20	4.38
19	8	2022	23.20	30.70	0.00	4.18
20	8	2022	23.90	30.50	23.00	3.32
21	8	2022	23.10	32.50	0.20	4.18
22	8	2022	22.70	30.40	0.00	3.59
23	8	2022	23.80	30.30	0.20	3.72
24	8	2022	22.90	29.60	11.40	3.15
25	8	2022	22.00	27.50	54.00	2.34
26	8	2022	23.40	30.80	0.00	4.25
27	8	2022	23.10	30.20	0.20	3.81
28	8	2022	24.10	30.80	0.00	4.38
29	8	2022	24.00	30.40	0.00	4.36
30	8	2022	24.40	30.80	0.00	3.91
31	8	2022	24.60	29.70	1.60	3.04
1	9	2022	23.40	31.90	0.20	4.10
2	9	2022	23.60	30.60	0.00	4.26
3	9	2022	24.20	30.40	0.00	4.36
4	9	2022	24.70	31.10	0.00	5.19
5	9	2022	25.70	31.70	0.00	4.88
6	9	2022	25.70	32.50	0.00	4.63
7	9	2022	25.30	32.00	0.00	4.62
8	9	2022	24.60	30.80	0.00	4.75
9	9	2022	24.10	31.10	0.00	4.93
10	9	2022	23.80	30.70	0.00	4.11
11	9	2022	23.60	31.10	0.00	4.72
12	9	2022	24.60	30.50	0.00	4.43
13	9	2022	24.90	30.80	0.00	4.75
14	9	2022	25.30	31.20	0.00	4.51
15	9	2022	25.20	30.50	0.00	4.28
16	9	2022	25.10	30.50	0.00	4.57
17	9	2022	25.10	29.90	0.00	4.46
18	9	2022	25.00	30.00	0.20	3.65
19	9	2022	24.10	31.00	0.00	3.90
20	9	2022	25.60	31.30	0.00	4.51
21	9	2022	25.30	30.60	0.00	4.34
22	9	2022	25.30	30.40	0.00	4.85
23	9	2022	24.20	30.20	0.00	4.32
24	9	2022	24.90	30.90	0.00	4.71
25	9	2022	24.80	31.40	0.00	4.77
26	9	2022	24.20	31.10	0.00	5.05
27	9	2022	24.80	31.40	0.00	4.79
28	9	2022	24.70	31.40	0.00	4.54
29	9	2022	24.80	30.80	0.00	4.47
30	9	2022	24.80	30.80	0.00	5.02
1	10	2022	24.70	31.00	0.00	4.60
2	10	2022	25.20	31.50	0.00	4.69
3	10	2022	25.00	30.30	0.00	4.67
4	10	2022	25.00	30.90	0.00	5.20
5	10	2022	23.90	30.90	0.00	4.78
6	10	2022	25.80	31.50	0.00	5.20
7	10	2022	25.50	31.30	0.00	5.64
8	10	2022	24.10	31.50	0.00	5.33
9	10	2022	25.20	31.20	0.00	4.39
10	10	2022	26.20	31.60	0.00	5.18
11	10	2022	24.10	32.80	0.00	4.83
12	10	2022	25.00	32.00	0.00	5.00
13	10	2022	25.40	32.10	0.00	5.35
14	10	2022	25.50	31.00	0.00	4.84
15	10	2022	25.30	31.90	0.00	5.04
16	10	2022	25.20	31.70	0.00	4.45
17	10	2022	25.80	32.10	0.00	5.38
18	10	2022	26.10	32.30	0.00	5.36
19	10	2022	25.90	31.70	0.00	5.32
20	10	2022	25.50	31.30	0.00	5.04
21	10	2022	25.40	31.50	0.00	4.63
22	10	2022	25.80	29.90	0.00	3.49
23	10	2022	25.70	31.00	0.00	3.74
24	10	2022	25.90	30.90	0.00	4.02
25	10	2022	25.60	30.80	0.00	3.70
26	10	2022	24.90	31.10	0.00	3.99
27	10	2022	24.90	32.20	0.00	5.23
28	10	2022	25.40	32.30	0.00	5.45
29	10	2022	24.80	32.30	0.00	5.49
30	10	2022	26.30	32.30	0.00	5.57
31	10	2022	24.20	31.60	0.00	5.48
1	11	2022	25.60	31.40	0.00	4.69
2	11	2022	23.40	31.00	0.00	4.19
3	11	2022	24.10	30.40	0.60	3.18
4	11	2022	25.20	30.50	0.00	3.50
5	11	2022	23.60	31.50	3.00	4.64
6	11	2022	24.30	30.10	7.40	2.78
7	11	2022	23.40	28.60	10.80	2.29
8	11	2022	23.60	28.40	0.20	2.69
9	11	2022	22.70	31.20	0.00	4.93
10	11	2022	23.70	31.90	0.00	5.20
11	11	2022	24.40	31.10	0.00	4.45
12	11	2022	24.10	30.00	0.00	3.80
13	11	2022	24.30	31.50	0.00	4.45
14	11	2022	25.70	29.50	1.20	3.30
15	11	2022	25.00	30.70	1.20	4.69
16	11	2022	24.50	30.20	0.00	4.34
17	11	2022	24.10	30.30	0.00	4.12
18	11	2022	25.30	29.70	0.00	3.95
19	11	2022	24.70	31.10	4.20	4.92
20	11	2022	23.90	30.80	0.00	4.15
21	11	2022	24.20	30.40	0.60	3.88
22	11	2022	25.40	32.10	0.00	4.57
23	11	2022	25.50	31.10	0.00	4.39
24	11	2022	25.00	31.70	0.00	5.12
25	11	2022	24.20	32.10	0.00	4.98
26	11	2022	23.90	31.40	0.00	4.40
27	11	2022	24.60	31.70	0.00	4.64
28	11	2022	24.20	30.60	0.00	4.55
29	11	2022	24.80	30.30	0.00	4.51
30	11	2022	23.90	30.90	0.00	3.64
1	12	2022	25.60	31.70	0.00	4.34
2	12	2022	26.10	31.90	0.00	5.28
3	12	2022	26.20	31.80	0.00	5.25
4	12	2022	23.60	31.70	0.00	3.98
5	12	2022	24.70	32.30	0.00	4.68
6	12	2022	25.70	32.30	0.00	4.60
7	12	2022	24.10	32.80	0.00	5.39
8	12	2022	25.20	32.00	0.00	5.06
9	12	2022	25.70	32.40	0.00	5.32
10	12	2022	24.80	32.40	0.00	5.11
11	12	2022	25.80	31.90	0.00	4.43
12	12	2022	25.60	31.40	0.00	4.65
13	12	2022	24.00	31.70	0.00	5.32
14	12	2022	24.60	32.40	0.00	5.16
15	12	2022	24.50	30.90	0.00	3.65
16	12	2022	24.30	30.40	0.60	3.40
17	12	2022	24.40	31.80	0.00	4.23
18	12	2022	25.70	31.40	0.00	4.16
19	12	2022	24.30	30.70	0.00	3.54
20	12	2022	24.60	31.60	0.00	4.98
21	12	2022	23.90	30.60	0.20	3.58
22	12	2022	24.90	30.70	0.00	3.86
23	12	2022	22.40	27.30	82.60	1.31
24	12	2022	22.60	30.30	0.00	3.88
25	12	2022	24.40	30.40	0.00	3.80
26	12	2022	23.90	32.00	0.00	4.70
27	12	2022	24.60	30.80	0.00	4.44
28	12	2022	25.60	30.70	1.00	3.19
29	12	2022	24.10	29.80	3.00	3.68
30	12	2022	24.20	29.40	0.00	3.04
31	12	2022	24.40	30.00	0.20	3.77
1	1	2023	24.70	31.00	0.00	4.34
2	1	2023	24.80	30.30	0.00	4.26
3	1	2023	25.20	31.20	0.00	4.14
4	1	2023	24.00	32.00	0.00	4.89
5	1	2023	25.60	31.00	0.00	4.52
6	1	2023	23.60	30.30	0.00	4.16
7	1	2023	24.30	30.70	0.40	3.24
8	1	2023	24.50	30.10	0.00	4.06
9	1	2023	24.40	31.30	0.00	4.57
10	1	2023	25.50	30.10	4.00	3.39
11	1	2023	24.20	31.00	0.00	3.81
12	1	2023	24.90	29.90	1.20	3.66
13	1	2023	24.70	31.50	0.00	5.32
14	1	2023	25.20	30.50	0.20	3.11
15	1	2023	20.60	29.10	127.00	2.58
16	1	2023	21.40	28.20	8.20	3.77
17	1	2023	22.20	30.00	10.40	4.22
18	1	2023	23.10	28.90	4.40	3.50
19	1	2023	23.00	25.10	31.00	1.23
20	1	2023	22.60	28.40	0.20	3.65
21	1	2023	22.90	29.60	1.80	4.21
22	1	2023	23.40	29.80	0.00	4.12
23	1	2023	23.20	28.50	5.60	2.90
24	1	2023	23.10	26.50	27.80	1.31
25	1	2023	22.60	24.70	80.00	1.03
26	1	2023	21.60	27.80	0.00	3.23
27	1	2023	23.20	29.60	0.00	4.16
28	1	2023	23.30	28.50	0.00	2.82
29	1	2023	22.60	28.30	36.20	2.38
30	1	2023	21.30	24.80	29.60	0.90
31	1	2023	22.10	28.20	14.40	3.45
1	2	2023	23.50	28.70	0.00	3.87
2	2	2023	23.30	25.80	0.00	2.22
3	2	2023	22.10	28.50	0.00	3.85
4	2	2023	23.30	29.10	0.00	2.97
5	2	2023	23.80	28.70	0.00	3.14
6	2	2023	23.50	28.90	0.00	4.03
7	2	2023	23.00	26.90	0.00	2.46
8	2	2023	23.50	27.10	0.00	2.03
9	2	2023	23.00	29.10	0.00	4.03
10	2	2023	23.60	28.90	0.00	2.92
11	2	2023	22.70	28.50	0.00	3.80
12	2	2023	23.20	30.10	0.00	4.38
13	2	2023	23.80	29.60	0.00	3.89
14	2	2023	24.60	28.60	0.00	3.63
15	2	2023	25.10	30.40	0.00	4.27
16	2	2023	22.70	26.90	0.00	1.86
17	2	2023	22.80	27.90	0.00	2.49
18	2	2023	22.40	27.90	0.00	3.78
19	2	2023	21.70	26.50	0.00	1.80
20	2	2023	20.70	27.90	0.00	3.24
21	2	2023	22.70	29.50	0.00	3.47
22	2	2023	22.90	26.10	0.00	1.28
23	2	2023	22.80	24.70	0.00	1.21
24	2	2023	21.70	27.40	0.00	3.57
25	2	2023	23.00	27.90	0.00	3.53
26	2	2023	22.50	29.10	0.00	3.73
27	2	2023	23.50	29.30	0.00	3.39
28	2	2023	24.70	29.60	0.00	4.87
1	3	2023	23.50	29.30	0.00	3.65
2	3	2023	23.90	27.80	0.00	2.09
3	3	2023	23.60	27.10	30.00	1.80
4	3	2023	23.30	27.70	0.80	2.69
5	3	2023	23.20	29.50	0.00	4.33
6	3	2023	24.40	30.10	0.00	4.75
7	3	2023	24.90	30.90	0.00	5.18
8	3	2023	24.90	30.10	0.00	4.68
9	3	2023	22.80	29.90	30.60	3.50
10	3	2023	23.00	25.70	14.40	1.43
11	3	2023	23.30	29.90	0.00	4.98
12	3	2023	24.10	28.60	0.40	2.92
13	3	2023	24.20	28.30	28.80	2.64
14	3	2023	22.20	27.80	124.40	3.67
15	3	2023	24.00	28.80	5.40	3.43
16	3	2023	23.30	28.70	0.80	4.47
17	3	2023	23.40	28.10	5.60	2.44
18	3	2023	23.20	27.60	1.80	3.15
19	3	2023	21.10	27.90	65.80	3.68
20	3	2023	22.20	25.70	53.00	2.14
21	3	2023	21.90	28.90	3.20	3.69
22	3	2023	22.30	28.30	24.40	3.59
23	3	2023	22.50	29.30	30.00	3.11
24	3	2023	22.10	26.60	2.20	2.51
25	3	2023	22.30	28.40	0.00	3.44
26	3	2023	23.20	27.10	54.00	2.10
27	3	2023	22.60	26.40	16.20	2.71
28	3	2023	23.00	27.10	7.40	2.88
29	3	2023	22.40	25.90	6.20	2.90
30	3	2023	22.90	28.40	5.40	3.92
31	3	2023	23.30	27.70	6.60	2.81
1	4	2023	22.40	24.40	24.60	1.44
2	4	2023	21.60	27.80	2.60	3.85
3	4	2023	22.70	27.70	0.40	3.88
4	4	2023	22.00	28.90	1.80	4.93
5	4	2023	22.70	26.50	15.60	2.75
6	4	2023	22.80	27.30	17.00	2.95
7	4	2023	23.20	26.30	15.00	2.56
8	4	2023	22.70	27.80	45.40	3.22
9	4	2023	22.60	28.70	4.40	3.31
10	4	2023	22.40	27.00	20.60	2.23
11	4	2023	22.90	28.30	1.20	3.39
12	4	2023	22.70	28.40	0.40	3.57
13	4	2023	23.90	28.50	0.00	3.84
14	4	2023	23.30	28.80	3.20	2.50
15	4	2023	23.00	28.50	13.60	2.49
16	4	2023	22.50	28.50	0.80	4.07
17	4	2023	23.40	28.70	10.60	3.78
18	4	2023	22.90	27.60	26.20	2.84
19	4	2023	23.00	28.20	15.20	3.39
20	4	2023	23.40	28.60	8.80	3.07
21	4	2023	22.30	29.70	0.00	3.70
22	4	2023	23.70	30.10	0.00	3.79
23	4	2023	23.90	31.00	0.00	4.20
24	4	2023	22.90	29.70	36.40	2.88
25	4	2023	23.60	29.70	0.40	3.74
26	4	2023	22.60	27.70	24.40	2.19
27	4	2023	22.80	28.30	32.80	3.35
28	4	2023	22.40	28.40	2.00	4.02
29	4	2023	23.10	29.30	0.80	3.04
30	4	2023	23.20	29.40	0.00	4.04
1	5	2023	23.40	29.20	2.60	3.79
2	5	2023	23.40	29.00	16.00	3.02
3	5	2023	23.40	29.30	2.40	3.86
4	5	2023	23.80	28.30	0.00	2.92
5	5	2023	23.50	30.00	11.80	3.32
6	5	2023	23.90	30.70	0.00	4.62
7	5	2023	24.20	30.70	0.00	4.25
8	5	2023	24.30	30.90	18.60	3.18
9	5	2023	24.20	30.20	4.20	3.79
10	5	2023	24.70	30.50	1.00	3.90
11	5	2023	24.30	29.50	4.60	3.59
12	5	2023	24.20	29.80	0.00	3.93
13	5	2023	23.80	29.40	26.60	3.21
14	5	2023	23.70	29.80	6.40	3.92
15	5	2023	24.50	30.00	7.60	3.39
16	5	2023	24.30	29.10	2.60	3.13
17	5	2023	24.20	28.30	16.20	1.90
18	5	2023	24.40	29.00	0.40	2.49
19	5	2023	24.40	27.60	8.20	1.51
20	5	2023	23.70	29.80	1.20	3.58
21	5	2023	24.30	28.90	2.40	2.66
22	5	2023	24.20	31.20	0.20	4.11
23	5	2023	24.00	31.90	0.00	4.48
24	5	2023	22.40	27.00	43.20	1.73
25	5	2023	23.10	29.80	1.60	3.46
26	5	2023	24.00	28.80	7.80	3.00
27	5	2023	24.10	30.30	1.80	3.09
28	5	2023	22.60	28.40	22.00	2.48
29	5	2023	22.70	29.40	3.80	3.65
30	5	2023	23.90	30.20	0.00	3.85
31	5	2023	23.50	29.20	5.40	2.69
1	6	2023	23.70	29.60	27.60	3.38
2	6	2023	23.20	29.50	20.40	3.54
3	6	2023	22.30	27.20	7.20	1.80
4	6	2023	23.50	29.80	0.80	3.61
5	6	2023	23.20	29.00	2.60	3.51
6	6	2023	23.70	27.40	12.40	2.12
7	6	2023	24.00	29.20	4.20	3.11
8	6	2023	22.50	29.10	12.80	3.75
9	6	2023	23.80	29.50	6.00	3.34
10	6	2023	24.00	28.00	2.40	3.18
11	6	2023	24.20	29.50	3.60	3.55
12	6	2023	21.90	29.30	13.00	2.98
13	6	2023	23.20	30.00	2.40	3.88
14	6	2023	24.00	30.60	0.00	3.95
15	6	2023	24.00	29.80	1.00	3.81
16	6	2023	23.40	30.40	1.80	4.06
17	6	2023	23.10	27.50	60.80	2.00
18	6	2023	23.60	28.40	4.20	3.37
19	6	2023	23.50	28.00	19.00	2.69
20	6	2023	22.00	28.60	49.40	2.89
21	6	2023	23.20	29.60	5.20	3.27
22	6	2023	23.20	29.80	0.00	3.69
23	6	2023	23.90	30.50	0.20	3.96
24	6	2023	23.40	29.50	4.60	2.81
25	6	2023	23.60	30.80	0.00	3.65
26	6	2023	23.60	29.30	0.00	3.42
27	6	2023	23.40	29.60	0.80	3.11
28	6	2023	24.20	31.10	0.00	4.01
29	6	2023	23.80	31.00	0.00	3.80
30	6	2023	24.40	30.60	5.80	3.35
1	7	2023	23.40	30.10	0.60	3.38
2	7	2023	24.20	30.10	0.20	3.21
3	7	2023	24.00	30.50	0.00	3.89
4	7	2023	23.70	30.10	6.40	3.00
5	7	2023	24.00	31.00	0.20	3.91
6	7	2023	23.80	30.30	0.00	3.79
7	7	2023	23.50	29.70	0.60	3.66
8	7	2023	23.80	30.60	0.00	3.43
9	7	2023	24.60	30.20	0.20	3.43
10	7	2023	24.80	29.90	0.00	3.69
11	7	2023	24.60	30.60	0.00	4.32
12	7	2023	23.80	30.70	0.00	3.59
13	7	2023	23.50	30.50	0.20	3.55
14	7	2023	24.20	30.50	0.00	3.60
15	7	2023	25.20	30.60	0.00	4.10
16	7	2023	25.00	30.80	0.00	3.56
17	7	2023	24.60	30.90	0.00	3.81
18	7	2023	24.60	31.70	0.00	4.01
19	7	2023	24.80	31.30	2.40	3.26
20	7	2023	24.10	30.50	1.00	3.30
21	7	2023	24.10	31.60	0.20	3.90
22	7	2023	22.90	32.00	0.00	4.20
23	7	2023	23.50	31.50	0.00	4.39
24	7	2023	23.70	30.00	37.20	2.86
25	7	2023	23.20	29.50	2.40	3.07
26	7	2023	23.90	30.90	0.00	4.28
27	7	2023	24.00	31.70	0.00	4.36
28	7	2023	25.10	31.00	0.00	4.06
29	7	2023	25.10	30.80	0.00	4.42
30	7	2023	23.90	31.20	0.00	4.13
31	7	2023	25.10	30.10	2.80	3.30
1	8	2023	24.00	31.60	0.00	3.92
2	8	2023	23.10	30.70	0.00	3.92
3	8	2023	23.80	30.20	6.80	3.02
4	8	2023	23.80	29.80	3.20	3.49
5	8	2023	23.00	30.50	0.00	4.03
6	8	2023	24.10	29.90	0.00	3.53
7	8	2023	25.10	30.70	0.00	4.15
8	8	2023	25.00	31.20	0.00	4.61
9	8	2023	25.90	30.00	0.00	3.80
10	8	2023	24.40	31.50	0.00	4.22
11	8	2023	22.90	30.90	0.00	4.08
12	8	2023	23.10	30.80	0.20	3.67
13	8	2023	23.40	29.40	0.00	3.74
14	8	2023	23.20	31.20	0.40	3.56
15	8	2023	24.00	31.10	0.00	3.78
16	8	2023	23.50	30.90	0.00	4.47
17	8	2023	23.30	31.60	0.20	3.97
18	8	2023	22.90	31.10	0.00	4.38
19	8	2023	24.70	31.20	0.00	4.59
20	8	2023	24.90	30.80	0.20	4.93
21	8	2023	24.60	31.50	0.00	4.61
22	8	2023	25.90	30.30	0.00	4.39
23	8	2023	25.10	31.70	0.00	5.26
24	8	2023	23.00	30.40	0.00	4.51
25	8	2023	23.90	31.00	0.00	4.70
26	8	2023	24.10	30.70	0.00	4.56
27	8	2023	24.20	30.60	0.00	4.17
28	8	2023	24.80	30.50	0.00	4.24
29	8	2023	24.40	31.50	0.00	4.95
30	8	2023	24.30	31.10	0.00	3.92
31	8	2023	24.90	30.90	0.00	4.64
1	9	2023	23.90	30.60	0.00	4.42
2	9	2023	24.10	30.80	0.00	4.71
3	9	2023	25.00	31.50	0.00	4.38
4	9	2023	24.80	31.60	0.00	4.28
5	9	2023	25.00	32.10	0.00	5.18
6	9	2023	25.60	32.20	0.00	5.16
7	9	2023	25.20	31.80	0.00	5.02
8	9	2023	25.40	32.00	0.00	4.91
9	9	2023	25.60	32.10	0.00	4.37
10	9	2023	25.80	32.40	0.00	5.24
11	9	2023	25.60	31.40	0.00	5.01
12	9	2023	25.50	32.30	0.00	5.33
13	9	2023	24.60	32.70	0.00	4.93
14	9	2023	25.80	31.20	0.00	4.65
15	9	2023	25.00	32.20	0.00	4.98
16	9	2023	26.00	31.50	0.00	4.98
17	9	2023	25.30	31.50	0.00	4.49
18	9	2023	22.80	31.00	0.00	4.25
19	9	2023	24.70	31.60	0.00	4.46
20	9	2023	25.10	32.70	0.00	4.89
21	9	2023	26.20	32.40	0.00	4.60
22	9	2023	25.60	32.40	0.00	5.31
23	9	2023	25.40	32.40	0.00	5.02
24	9	2023	25.30	31.90	0.00	5.34
25	9	2023	24.80	31.70	0.00	4.74
26	9	2023	25.80	31.20	0.00	4.48
27	9	2023	24.90	30.40	0.00	3.72
28	9	2023	25.50	31.60	0.00	5.37
29	9	2023	24.90	32.20	0.00	5.37
30	9	2023	24.50	32.20	0.00	4.79
1	10	2023	26.10	31.50	0.00	5.30
2	10	2023	25.40	31.90	0.00	5.09
3	10	2023	25.50	32.00	0.00	5.56
4	10	2023	25.80	31.90	0.00	5.46
5	10	2023	24.80	31.60	0.00	4.98
6	10	2023	25.40	32.60	0.00	5.20
7	10	2023	25.80	32.00	0.00	4.76
8	10	2023	26.20	32.40	0.00	5.33
9	10	2023	25.80	32.20	0.00	4.96
10	10	2023	25.80	31.10	0.00	4.40
11	10	2023	25.50	31.20	0.00	3.93
12	10	2023	25.40	31.50	0.00	4.51
13	10	2023	25.90	32.40	0.00	5.27
14	10	2023	24.90	31.20	0.00	4.47
15	10	2023	24.90	32.20	0.00	4.81
16	10	2023	24.30	32.10	0.00	4.76
17	10	2023	23.80	32.00	1.20	4.28
18	10	2023	25.20	31.30	0.00	4.39
19	10	2023	25.20	31.60	0.00	5.09
20	10	2023	25.00	33.40	0.00	5.49
21	10	2023	25.90	32.10	0.20	4.41
22	10	2023	26.30	31.40	0.00	4.37
23	10	2023	25.60	32.00	0.00	5.05
24	10	2023	24.30	31.30	0.00	4.15
25	10	2023	24.50	31.70	0.00	5.41
26	10	2023	25.40	31.20	0.00	4.58
27	10	2023	23.80	32.30	0.00	5.49
28	10	2023	25.80	32.50	0.00	5.11
29	10	2023	25.90	32.80	0.00	5.58
30	10	2023	25.50	32.30	0.00	5.26
31	10	2023	23.50	31.10	0.00	4.70
1	11	2023	25.50	31.40	0.00	4.51
2	11	2023	25.40	31.70	0.00	4.03
3	11	2023	25.70	32.40	0.00	4.86
4	11	2023	25.60	32.80	0.00	5.52
5	11	2023	25.50	31.80	0.00	4.67
6	11	2023	25.90	32.20	0.00	5.18
7	11	2023	25.60	32.20	0.00	4.52
8	11	2023	24.60	32.90	0.00	5.26
9	11	2023	25.90	32.00	0.00	4.18
10	11	2023	26.20	33.00	0.00	5.58
11	11	2023	26.20	32.10	0.00	5.61
12	11	2023	25.00	31.90	0.00	5.36
13	11	2023	25.00	31.70	0.00	5.13
14	11	2023	25.90	32.00	0.00	5.10
15	11	2023	26.70	32.60	0.00	5.64
16	11	2023	26.10	32.70	0.00	5.03
17	11	2023	26.00	32.70	0.00	4.90
18	11	2023	25.40	32.70	0.00	4.95
19	11	2023	26.00	32.80	0.00	5.29
20	11	2023	26.00	31.80	0.00	4.83
21	11	2023	25.00	32.80	0.00	5.20
22	11	2023	26.30	32.50	0.00	5.25
23	11	2023	26.40	32.40	0.00	5.09
24	11	2023	23.90	33.10	0.00	5.73
25	11	2023	25.60	32.60	0.00	5.16
26	11	2023	25.90	31.30	0.00	3.89
27	11	2023	25.10	31.20	0.00	4.20
28	11	2023	24.60	31.90	0.00	3.95
29	11	2023	25.30	32.50	0.00	5.01
30	11	2023	25.00	32.20	0.00	4.91
1	12	2023	26.00	31.70	0.00	4.76
2	12	2023	25.80	31.90	0.00	4.86
3	12	2023	26.40	33.00	0.00	4.50
4	12	2023	26.10	31.80	1.00	4.47
5	12	2023	26.10	32.70	0.00	4.24
6	12	2023	26.60	32.50	0.00	4.24
7	12	2023	26.60	32.70	0.00	5.07
8	12	2023	25.20	33.50	0.00	5.30
9	12	2023	25.10	33.20	0.00	4.86
10	12	2023	26.60	32.30	0.00	4.65
11	12	2023	26.30	32.80	0.00	5.70
12	12	2023	26.20	33.10	0.00	5.35
13	12	2023	25.70	33.40	0.00	5.28
14	12	2023	25.90	33.30	0.00	5.01
15	12	2023	26.20	32.80	0.00	4.91
16	12	2023	26.10	32.90	0.40	4.58
17	12	2023	24.10	30.90	1.60	3.59
18	12	2023	22.50	31.00	0.00	3.29
19	12	2023	24.90	28.70	19.60	2.42
20	12	2023	25.80	31.50	0.20	3.58
21	12	2023	26.00	34.10	0.00	5.46
22	12	2023	26.50	34.60	0.00	5.75
23	12	2023	25.40	33.40	0.00	5.20
24	12	2023	26.40	33.00	0.00	5.13
25	12	2023	26.20	32.80	0.00	4.77
26	12	2023	24.80	32.40	0.40	4.13
27	12	2023	25.50	32.20	0.20	3.57
28	12	2023	25.90	30.00	0.60	3.03
29	12	2023	26.10	32.00	0.60	4.59
30	12	2023	25.40	31.80	0.00	4.69
31	12	2023	23.80	27.70	11.20	1.12
1	1	2024	24.20	28.00	56.00	2.64
2	1	2024	24.60	29.80	0.40	2.56
3	1	2024	24.20	31.00	0.20	3.49
4	1	2024	25.20	32.00	0.00	5.07
5	1	2024	24.70	32.50	0.00	4.98
6	1	2024	24.90	30.60	1.40	3.30
7	1	2024	24.00	27.50	70.00	1.58
8	1	2024	24.30	30.20	0.60	3.38
9	1	2024	24.40	31.10	0.00	3.60
10	1	2024	25.10	31.20	0.00	4.89
11	1	2024	25.00	31.40	0.00	4.51
12	1	2024	23.40	27.60	22.00	2.16
13	1	2024	23.00	26.80	40.80	1.56
14	1	2024	23.20	30.40	0.20	3.79
15	1	2024	24.50	30.20	0.40	3.55
16	1	2024	25.40	30.80	0.00	4.05
17	1	2024	25.20	31.20	0.00	5.02
18	1	2024	24.90	31.30	0.00	4.57
19	1	2024	25.70	31.30	0.00	4.56
20	1	2024	25.60	30.70	0.00	4.10
21	1	2024	25.40	31.00	0.00	4.61
22	1	2024	26.20	31.40	0.00	4.09
23	1	2024	26.40	31.10	0.00	3.86
24	1	2024	26.30	30.60	0.00	4.45
25	1	2024	24.90	31.30	0.00	4.77
26	1	2024	26.90	29.70	0.60	3.87
27	1	2024	26.10	30.00	0.00	2.87
28	1	2024	25.50	29.60	1.60	2.64
29	1	2024	24.80	30.80	2.60	3.40
30	1	2024	25.40	31.10	0.80	3.10
31	1	2024	25.30	30.10	0.00	3.33
1	2	2024	26.40	31.00	1.80	3.68
2	2	2024	25.60	30.30	1.80	3.22
3	2	2024	23.80	29.70	12.80	2.75
4	2	2024	24.80	31.40	1.60	3.20
5	2	2024	24.70	31.20	0.00	4.82
6	2	2024	26.30	31.70	0.00	4.67
7	2	2024	26.20	31.70	0.00	4.64
8	2	2024	26.90	32.00	0.00	4.97
9	2	2024	26.00	31.50	0.40	4.29
10	2	2024	23.10	29.80	15.00	3.57
11	2	2024	23.60	30.70	0.20	3.42
12	2	2024	24.50	31.30	3.60	3.25
13	2	2024	21.50	27.30	78.20	1.43
14	2	2024	24.50	30.80	1.80	4.09
15	2	2024	24.90	30.60	0.00	4.14
16	2	2024	23.70	28.80	10.40	2.98
17	2	2024	25.10	29.90	0.00	4.02
18	2	2024	24.70	30.60	3.20	4.29
19	2	2024	24.10	29.00	9.60	2.67
20	2	2024	23.40	26.40	44.80	1.68
21	2	2024	23.20	25.10	115.40	1.07
22	2	2024	22.90	24.90	28.80	1.72
23	2	2024	21.60	27.20	7.00	2.56
24	2	2024	24.00	30.10	0.80	3.91
25	2	2024	22.50	27.30	5.00	2.36
26	2	2024	22.80	26.70	7.40	1.59
27	2	2024	22.60	25.90	22.60	1.97
28	2	2024	22.30	26.30	20.60	2.93
29	2	2024	22.50	26.80	27.80	3.49
1	3	2024	22.20	28.50	3.60	4.94
2	3	2024	23.20	27.00	24.20	2.93
3	3	2024	23.60	27.30	1.80	3.08
4	3	2024	24.10	28.80	0.00	3.07
5	3	2024	22.70	29.50	0.40	4.26
6	3	2024	23.80	27.50	20.40	2.20
7	3	2024	23.30	28.40	0.60	3.18
8	3	2024	23.20	28.70	33.20	2.87
9	3	2024	22.70	28.60	2.40	3.46
10	3	2024	22.80	26.90	24.60	1.64
11	3	2024	21.40	26.10	1.00	2.21
12	3	2024	23.00	28.90	4.20	4.72
13	3	2024	23.10	27.70	4.20	2.96
14	3	2024	24.00	29.10	0.40	4.12
15	3	2024	23.40	28.20	21.40	3.93
16	3	2024	23.20	26.80	25.60	2.31
17	3	2024	23.00	26.20	19.00	1.23
18	3	2024	22.80	27.30	0.40	3.64
19	3	2024	22.30	28.10	13.60	3.78
20	3	2024	23.40	26.70	5.60	3.35
21	3	2024	22.70	26.60	79.00	1.83
22	3	2024	21.90	26.20	31.40	2.94
23	3	2024	22.70	27.40	13.20	3.00
24	3	2024	23.00	28.10	2.60	3.94
25	3	2024	22.70	25.60	11.60	2.32
26	3	2024	21.80	26.30	49.80	2.15
27	3	2024	22.40	27.10	4.80	2.47
28	3	2024	21.30	28.30	0.00	4.06
29	3	2024	22.50	27.80	24.80	2.91
30	3	2024	22.00	27.00	25.20	2.79
31	3	2024	21.50	27.50	0.00	3.93
1	4	2024	23.00	27.80	4.40	3.57
2	4	2024	23.30	28.30	0.20	3.62
3	4	2024	22.30	25.50	48.80	1.51
4	4	2024	21.80	28.10	0.40	4.18
5	4	2024	23.20	29.30	0.00	4.32
6	4	2024	23.20	28.40	0.80	4.17
7	4	2024	23.00	27.20	11.40	3.32
8	4	2024	23.50	26.50	10.60	3.03
9	4	2024	22.00	28.80	30.00	4.34
10	4	2024	23.10	27.50	6.00	3.08
11	4	2024	23.40	28.20	43.80	2.70
12	4	2024	23.00	27.80	2.20	3.15
13	4	2024	22.80	26.20	71.20	1.85
14	4	2024	22.60	26.70	42.40	2.53
15	4	2024	22.80	27.10	22.80	3.50
16	4	2024	23.20	28.60	0.00	3.76
17	4	2024	23.50	28.70	2.40	3.07
18	4	2024	22.10	25.10	36.20	1.16
19	4	2024	22.40	26.70	31.00	2.13
20	4	2024	21.70	28.20	11.80	3.50
21	4	2024	21.70	29.20	0.00	3.91
22	4	2024	23.30	26.70	9.40	2.84
23	4	2024	22.20	28.70	12.00	3.29
24	4	2024	23.00	28.30	13.80	3.38
25	4	2024	23.00	26.50	14.40	2.55
26	4	2024	22.70	28.30	1.20	3.45
27	4	2024	22.70	25.40	46.00	1.83
28	4	2024	22.40	27.10	19.00	2.93
29	4	2024	23.00	28.40	4.60	3.26
30	4	2024	22.10	25.30	17.60	2.07
1	5	2024	22.70	28.20	0.20	3.33
2	5	2024	22.30	27.40	7.40	3.24
3	5	2024	23.50	29.10	0.00	3.78
4	5	2024	23.30	29.40	5.80	3.36
5	5	2024	22.30	29.40	2.80	3.53
6	5	2024	23.70	29.80	2.00	3.07
7	5	2024	23.20	30.10	0.20	3.52
8	5	2024	24.00	30.40	0.20	3.68
9	5	2024	24.60	30.80	0.20	3.89
10	5	2024	24.00	28.80	16.80	3.03
11	5	2024	23.40	27.40	53.40	2.12
12	5	2024	23.20	28.60	3.20	3.34
13	5	2024	23.30	28.90	24.40	2.84
14	5	2024	23.20	29.60	0.00	3.82
15	5	2024	22.80	28.50	20.20	2.42
16	5	2024	22.60	29.00	1.80	3.21
17	5	2024	23.50	28.10	3.00	2.48
18	5	2024	22.00	29.00	0.20	3.66
19	5	2024	23.40	29.40	0.20	3.88
20	5	2024	23.70	28.90	4.40	3.24
21	5	2024	24.20	29.80	1.60	3.64
22	5	2024	24.30	30.70	2.60	4.08
23	5	2024	23.60	31.10	3.80	3.98
24	5	2024	23.70	29.00	5.20	2.61
25	5	2024	24.60	29.50	3.00	2.50
26	5	2024	23.80	28.80	6.40	2.92
27	5	2024	23.10	31.00	0.20	4.05
28	5	2024	24.00	30.40	0.20	3.30
29	5	2024	23.60	30.10	0.60	3.93
30	5	2024	24.50	29.60	0.00	2.65
31	5	2024	23.70	29.90	37.20	2.55
1	6	2024	23.10	28.70	14.00	2.69
2	6	2024	23.40	30.70	21.00	3.78
3	6	2024	23.60	30.20	0.20	3.43
4	6	2024	23.40	30.60	33.00	3.37
5	6	2024	22.80	30.20	5.40	3.48
6	6	2024	22.10	29.70	64.80	2.77
7	6	2024	22.10	28.10	52.00	2.06
8	6	2024	23.50	30.40	0.20	3.96
9	6	2024	23.00	27.80	18.80	1.63
10	6	2024	22.40	28.80	1.20	2.56
11	6	2024	22.90	29.90	0.00	3.38
12	6	2024	23.40	30.80	0.00	3.82
13	6	2024	23.80	30.00	1.20	3.37
14	6	2024	23.60	29.70	0.00	3.45
15	6	2024	22.00	29.90	13.00	3.12
16	6	2024	23.20	30.30	15.40	4.02
17	6	2024	22.70	29.50	1.00	3.19
18	6	2024	23.30	30.30	0.20	3.68
19	6	2024	24.20	30.10	0.00	3.46
20	6	2024	24.20	31.00	0.00	3.64
21	6	2024	24.60	31.20	0.20	3.61
22	6	2024	24.30	31.40	0.00	4.30
23	6	2024	23.90	28.70	12.80	1.79
24	6	2024	23.60	30.50	0.20	3.84
25	6	2024	23.70	31.30	0.00	3.95
26	6	2024	23.50	30.70	0.00	3.82
27	6	2024	22.30	29.90	16.00	3.86
28	6	2024	22.70	30.40	0.20	3.60
29	6	2024	23.60	30.10	0.00	3.20
30	6	2024	24.40	30.80	0.00	3.76
1	7	2024	22.90	30.30	16.60	3.55
2	7	2024	23.50	30.40	0.20	3.81
3	7	2024	24.40	29.20	0.60	2.94
4	7	2024	23.30	30.70	0.80	3.23
5	7	2024	24.30	31.70	0.00	4.25
6	7	2024	23.60	31.20	0.20	4.18
7	7	2024	22.80	30.10	17.80	3.16
8	7	2024	23.60	30.30	0.20	3.35
9	7	2024	23.50	30.00	0.00	3.79
10	7	2024	23.50	30.60	0.20	4.12
11	7	2024	24.50	30.40	0.60	3.86
12	7	2024	23.60	31.70	0.00	3.97
13	7	2024	23.90	31.80	0.00	3.81
14	7	2024	24.00	31.50	0.00	4.26
15	7	2024	22.70	31.00	0.00	3.96
16	7	2024	23.50	31.30	0.20	3.67
17	7	2024	22.30	31.20	0.00	3.75
18	7	2024	22.80	30.80	1.40	3.44
19	7	2024	22.90	31.30	0.00	3.30
20	7	2024	23.40	31.20	3.60	3.57
21	7	2024	23.30	32.40	0.20	3.89
22	7	2024	23.30	32.20	0.20	3.89
23	7	2024	23.70	30.60	0.20	3.04
24	7	2024	24.00	31.40	0.00	3.38
25	7	2024	22.90	31.80	0.00	4.08
26	7	2024	22.20	30.30	0.00	3.70
27	7	2024	21.90	32.10	0.20	4.19
28	7	2024	23.20	31.60	0.00	3.79
29	7	2024	23.80	31.30	0.00	4.25
30	7	2024	24.30	31.20	0.00	3.94
31	7	2024	23.40	31.30	0.20	4.31
1	8	2024	24.00	32.10	0.00	3.93
2	8	2024	23.60	32.50	0.00	4.04
3	8	2024	22.20	31.00	0.20	3.83
4	8	2024	23.40	31.80	0.00	3.71
5	8	2024	22.30	31.60	0.00	3.81
6	8	2024	22.90	32.20	0.00	4.21
7	8	2024	22.70	32.20	0.20	4.39
8	8	2024	24.20	31.40	0.00	4.26
9	8	2024	24.70	31.60	0.00	4.76
10	8	2024	24.90	31.30	0.00	4.37
11	8	2024	22.60	31.40	0.00	4.66
12	8	2024	25.00	31.30	0.00	4.21
13	8	2024	24.50	30.90	0.00	3.87
14	8	2024	24.70	31.00	0.00	3.70
15	8	2024	24.30	33.30	0.00	4.67
16	8	2024	23.40	32.00	0.00	4.27
17	8	2024	24.00	31.30	0.00	4.25
18	8	2024	23.20	31.10	0.00	4.09
19	8	2024	22.90	32.10	0.20	4.42
20	8	2024	24.40	31.90	0.00	4.89
21	8	2024	24.80	31.80	0.00	4.67
22	8	2024	25.30	31.50	0.00	4.46
23	8	2024	25.70	32.30	0.00	5.43
24	8	2024	24.40	32.00	0.00	5.05
25	8	2024	22.80	32.90	0.00	4.72
26	8	2024	24.20	30.30	0.20	3.77
27	8	2024	24.70	30.90	0.00	3.94
28	8	2024	24.90	31.10	0.00	3.79
29	8	2024	25.20	32.20	0.00	4.39
30	8	2024	24.60	33.60	0.00	4.63
31	8	2024	23.40	31.60	0.00	4.63
1	9	2024	22.70	32.20	0.00	4.88
2	9	2024	23.60	31.30	0.00	4.73
3	9	2024	23.90	30.70	0.00	4.34
4	9	2024	24.50	31.20	0.00	4.74
5	9	2024	24.80	31.60	0.00	5.35
6	9	2024	25.10	31.50	0.00	5.35
7	9	2024	24.90	31.80	0.00	5.34
8	9	2024	25.50	32.50	0.00	5.41
9	9	2024	25.10	31.90	0.00	5.10
10	9	2024	25.00	31.70	0.00	5.24
11	9	2024	24.90	31.10	0.00	4.68
12	9	2024	25.20	31.80	0.00	5.31
13	9	2024	25.20	31.70	0.00	5.40
14	9	2024	24.70	31.50	0.00	5.06
15	9	2024	24.70	31.90	0.00	5.53
16	9	2024	25.10	32.40	0.00	5.63
17	9	2024	25.10	31.00	0.00	5.15
18	9	2024	24.90	31.20	0.00	5.49
19	9	2024	25.40	31.90	0.00	5.49
20	9	2024	25.00	31.80	0.00	5.33
21	9	2024	25.00	31.20	0.00	4.59
22	9	2024	24.90	31.80	0.00	5.21
23	9	2024	25.70	31.50	0.00	4.71
24	9	2024	24.70	31.00	0.00	5.30
25	9	2024	24.70	30.60	0.00	4.68
26	9	2024	24.90	31.20	0.00	4.07
27	9	2024	25.20	31.40	0.00	4.44
28	9	2024	25.40	31.50	0.00	4.91
29	9	2024	25.90	31.70	0.00	5.08
30	9	2024	26.00	31.70	0.00	4.89
1	10	2024	24.80	31.80	0.00	4.54
2	10	2024	25.20	32.10	0.00	4.16
3	10	2024	25.20	31.80	0.00	5.57
4	10	2024	25.20	31.30	0.00	5.42
5	10	2024	25.00	31.00	0.00	4.92
6	10	2024	25.20	30.40	0.00	3.85
7	10	2024	24.90	30.70	0.00	4.23
8	10	2024	25.40	31.00	0.00	4.65
9	10	2024	25.10	31.30	0.00	4.94
10	10	2024	24.70	30.60	0.00	4.85
11	10	2024	24.90	31.60	0.00	4.89
12	10	2024	25.20	32.10	0.00	5.08
13	10	2024	25.70	31.70	0.00	4.97
14	10	2024	25.50	31.30	0.00	5.18
15	10	2024	25.00	30.70	0.00	4.50
16	10	2024	25.10	31.80	0.00	4.58
17	10	2024	24.80	31.10	0.00	4.84
18	10	2024	23.60	30.90	0.00	4.67
19	10	2024	24.20	31.60	0.00	5.12
20	10	2024	25.90	32.30	0.00	4.95
21	10	2024	26.10	32.00	0.00	5.79
22	10	2024	25.60	32.10	0.00	5.49
23	10	2024	25.20	32.10	0.00	5.12
24	10	2024	25.20	31.00	0.00	4.49
25	10	2024	25.60	30.60	0.00	4.14
26	10	2024	25.80	31.80	0.00	4.80
27	10	2024	25.40	31.80	0.00	5.24
28	10	2024	25.10	32.20	0.00	5.17
29	10	2024	25.80	31.80	0.00	4.83
30	10	2024	25.40	30.80	0.00	4.30
31	10	2024	25.20	30.70	0.00	4.79
1	11	2024	24.40	31.80	0.00	5.07
2	11	2024	24.60	32.20	0.00	4.76
3	11	2024	25.80	32.20	0.00	5.81
4	11	2024	25.50	31.50	0.00	5.40
5	11	2024	23.70	31.90	0.00	4.76
6	11	2024	24.90	30.60	0.00	4.08
7	11	2024	25.60	31.10	0.00	4.25
8	11	2024	24.90	31.70	0.00	4.96
9	11	2024	24.90	31.90	0.00	5.09
10	11	2024	25.40	31.50	0.00	4.75
11	11	2024	25.70	29.90	0.00	3.55
12	11	2024	23.60	31.70	0.00	4.66
13	11	2024	25.00	31.30	0.00	4.44
14	11	2024	24.80	31.60	0.00	4.81
15	11	2024	25.20	32.10	0.00	4.55
16	11	2024	25.40	31.80	0.00	5.06
17	11	2024	24.90	32.80	0.00	5.15
18	11	2024	25.60	32.10	0.00	4.44
19	11	2024	25.80	31.80	0.00	4.88
20	11	2024	25.80	33.00	0.00	4.85
21	11	2024	25.80	32.10	0.00	4.89
22	11	2024	25.60	31.60	0.00	5.42
23	11	2024	25.40	31.90	0.00	5.20
24	11	2024	24.80	31.80	0.00	4.73
25	11	2024	26.10	31.70	0.00	4.13
26	11	2024	25.50	32.50	0.00	5.32
27	11	2024	25.50	32.60	0.00	4.98
28	11	2024	25.30	31.70	0.00	4.72
29	11	2024	25.10	31.90	0.00	4.82
30	11	2024	25.80	31.20	0.00	4.34
1	12	2024	25.80	32.30	0.00	4.94
2	12	2024	25.20	31.20	0.00	4.33
3	12	2024	25.00	31.10	0.00	4.20
4	12	2024	25.40	31.70	0.00	4.31
5	12	2024	23.40	31.00	2.40	3.60
6	12	2024	24.80	29.20	0.00	2.69
7	12	2024	23.00	30.40	0.80	2.96
8	12	2024	23.00	32.50	0.20	4.67
9	12	2024	25.70	32.30	0.00	4.91
10	12	2024	26.00	30.90	0.40	3.63
11	12	2024	25.20	29.90	0.00	2.92
12	12	2024	25.70	33.00	0.00	5.02
13	12	2024	26.30	32.10	0.00	4.94
14	12	2024	26.00	31.60	0.00	4.49
15	12	2024	26.20	32.40	0.00	4.79
16	12	2024	25.60	32.90	0.00	5.17
17	12	2024	26.00	33.30	0.00	5.38
18	12	2024	26.30	32.70	0.00	5.42
19	12	2024	25.80	32.80	0.00	5.08
20	12	2024	26.10	32.20	0.00	4.84
21	12	2024	26.30	32.60	0.00	5.00
22	12	2024	26.50	32.90	0.00	5.22
23	12	2024	26.50	32.50	0.00	4.54
24	12	2024	26.00	31.20	0.00	4.44
25	12	2024	25.70	30.90	0.00	4.38
26	12	2024	26.20	32.60	0.00	4.75
27	12	2024	25.80	32.80	0.00	4.86
28	12	2024	26.60	33.70	0.00	4.91
29	12	2024	26.80	32.90	0.00	4.72
30	12	2024	24.80	31.90	0.00	4.13
31	12	2024	25.70	33.20	0.00	4.52
